Date,Adj Close
2009-12-01,49.99003162828608
2009-12-02,49.97448193680212
2009-12-03,49.98607537424914
2009-12-04,50.01368077606214
2009-12-07,50.017971653862304
2009-12-08,50.026945972740556
2009-12-09,50.050952963308326
2009-12-10,50.026662863453986
2009-12-11,50.02569192645441
2009-12-14,50.00453865774357
2009-12-15,49.9981352268895
2009-12-16,49.99454113072409
2009-12-17,50.02166777476057
2009-12-18,50.02451881808487
2009-12-21,50.02864202776138
2009-12-22,50.02232869645051
2009-12-23,50.02185874141857
2009-12-24,50.03074984373788
2009-12-25,50.02894259644872
2009-12-28,50.024987853799644
2009-12-29,50.02537730702574
2009-12-30,50.00916743795875
2009-12-31,49.98368819099842
2010-01-01,49.96559577360877
2010-01-04,49.96801231462918
2010-01-05,49.95920221232756
2010-01-06,49.95442249292465
2010-01-07,49.9466863387901
2010-01-08,49.93884082117104
2010-01-11,49.935092450843435
2010-01-12,49.90955849102224
2010-01-13,49.90781888243991
2010-01-14,49.89764653616168
2010-01-15,49.887977787177675
2010-01-18,49.903413034094115
2010-01-19,49.912482931156624
2010-01-20,49.88907266556139
2010-01-21,49.877494344252746
2010-01-22,49.86492445304513
2010-01-25,49.87819645526915
2010-01-26,49.87301185811287
2010-01-27,49.883296418536375
2010-01-28,49.88304080485625
2010-01-29,49.87429131554625
2010-02-01,49.87017725523591
2010-02-02,49.844313447972006
2010-02-03,49.84566869274317
2010-02-04,49.850091038024246
2010-02-05,49.84653962666928
2010-02-08,49.85535446120278
2010-02-09,49.865088455868424
2010-02-10,49.87563148794786
2010-02-11,49.894679958677095
2010-02-12,49.88280691830795
2010-02-15,49.88060371202331
2010-02-16,49.87707609284892
2010-02-17,49.88496123936196
2010-02-18,49.867916030115566
2010-02-19,49.859176423153386
2010-02-22,49.84700351325737
2010-02-23,49.84876952918983
2010-02-24,49.848385603102436
2010-02-25,49.84018261004206
2010-02-26,49.79881163615697
2010-03-01,49.7895077766136
2010-03-02,49.75895637993393
2010-03-03,49.75324279041374
2010-03-04,49.74410353778579
2010-03-05,49.746776570116
2010-03-08,49.74519781312393
2010-03-09,49.73467047386386
2010-03-10,49.74064925426577
2010-03-11,49.71525625880632
2010-03-12,49.70532884649292
2010-03-15,49.677527591267385
2010-03-16,49.66570814118364
2010-03-17,49.665360234649555
2010-03-18,49.646886439334594
2010-03-19,49.64807517849336
2010-03-22,49.62365695901598
2010-03-23,49.612238160884814
2010-03-24,49.59842220199117
2010-03-25,49.62541709244065
2010-03-26,49.60778098884465
2010-03-29,49.60126800430455
2010-03-30,49.61222787969899
2010-03-31,49.62863436540039
2010-04-01,49.60981586076856
2010-04-02,49.6186744577389
2010-04-05,49.61159859527132
2010-04-06,49.603411691820604
2010-04-07,49.61863093113584
2010-04-08,49.61841429855355
2010-04-09,49.61488986847533
2010-04-12,49.637321164221454
2010-04-13,49.64135817764733
2010-04-14,49.65944221892977
2010-04-15,49.67637415724947
2010-04-16,49.685126353486574
2010-04-19,49.694750466454785
2010-04-20,49.68161223180834
2010-04-21,49.68104512670959
2010-04-22,49.68694210800353
2010-04-23,49.704433789802486
2010-04-26,49.68242599024979
2010-04-27,49.669945325977274
2010-04-28,49.69908730479815
2010-04-29,49.70195864566793
2010-04-30,49.701370181053534
2010-05-03,49.70131869020786
2010-05-04,49.70845142159447
2010-05-05,49.72023910384138
2010-05-06,49.73311884932423
2010-05-07,49.72278908646039
2010-05-10,49.74326087234757
2010-05-11,49.760370441388936
2010-05-12,49.75140760956458
2010-05-13,49.75862893845183
2010-05-14,49.76508090548713
2010-05-17,49.8001971270508
2010-05-18,49.81805484184669
2010-05-19,49.8062871606062
2010-05-20,49.790499265189
2010-05-21,49.755400024643784
2010-05-24,49.76522070536424
2010-05-25,49.754036478165894
2010-05-26,49.754358774986414
2010-05-27,49.750607027386195
2010-05-28,49.72696579318163
2010-05-31,49.73119643821819
2010-06-01,49.724984134077424
2010-06-02,49.711032275459104
2010-06-03,49.71573324910705
2010-06-04,49.70831751438456
2010-06-07,49.70127510814679
2010-06-08,49.702928649339945
2010-06-09,49.70404920727552
2010-06-10,49.70697011322974
2010-06-11,49.72235767606315
2010-06-14,49.71137867718326
2010-06-15,49.71197206747909
2010-06-16,49.6975422764147
2010-06-17,49.69863989868696
2010-06-18,49.71147342982117
2010-06-21,49.70980733257688
2010-06-22,49.717753208222156
2010-06-23,49.7547112027403
2010-06-24,49.76778157708168
2010-06-25,49.75874553774452
2010-06-28,49.761139188386586
2010-06-29,49.75563615203547
2010-06-30,49.75168117305151
2010-07-01,49.75581109236917
2010-07-02,49.75624259371185
2010-07-05,49.756008283411475
2010-07-06,49.7738824180339
2010-07-07,49.766033161634304
2010-07-08,49.76663577066939
2010-07-09,49.7615457121162
2010-07-12,49.777313768847435
2010-07-13,49.80408314663475
2010-07-14,49.79532809931864
2010-07-15,49.815988347433034
2010-07-16,49.81914251699476
2010-07-19,49.820993334015476
2010-07-20,49.82709286225184
2010-07-21,49.83052010539156
2010-07-22,49.81748376318501
2010-07-23,49.81680847750987
2010-07-26,49.814073166943345
2010-07-27,49.81168040013043
2010-07-28,49.80658220564005
2010-07-29,49.80483849761938
2010-07-30,49.80807483434165
2010-08-02,49.801550199388544
2010-08-03,49.82062839830576
2010-08-04,49.83544074538082
2010-08-05,49.83029200161597
2010-08-06,49.83450410205579
2010-08-09,49.83414954730555
2010-08-10,49.83839182365687
2010-08-11,49.835644905177695
2010-08-12,49.84169689793893
2010-08-13,49.81842662680368
2010-08-16,49.802919898738786
2010-08-17,49.79697658080732
2010-08-18,49.774522208237876
2010-08-19,49.77382115379381
2010-08-20,49.76030637782687
2010-08-23,49.753622297400504
2010-08-24,49.7537311572729
2010-08-25,49.763341049182976
2010-08-26,49.770993636498275
2010-08-27,49.77233438913042
2010-08-30,49.77123320829807
2010-08-31,49.76984010845011
2010-09-01,49.77725658567412
2010-09-02,49.8020535041043
2010-09-03,49.78926031138631
2010-09-06,49.786735521367234
2010-09-07,49.76690913312023
2010-09-08,49.79617853909448
2010-09-09,49.77947696143113
2010-09-10,49.79443410226581
2010-09-13,49.771864368273484
2010-09-14,49.760573413884174
2010-09-15,49.761456382162436
2010-09-16,49.74174302347282
2010-09-17,49.765191587371014
2010-09-20,49.76419715828632
2010-09-21,49.79566278532604
2010-09-22,49.800315805895224
2010-09-23,49.77652075965436
2010-09-24,49.75313343937879
2010-09-27,49.75737514168614
2010-09-28,49.770856823511586
2010-09-29,49.758964847091185
2010-09-30,49.74326339777146
2010-10-01,49.734568094306816
2010-10-04,49.723421335652695
2010-10-05,49.739777610208506
2010-10-06,49.75989918693147
2010-10-07,49.76417052592151
2010-10-08,49.7409644882258
2010-10-11,49.735370648904855
2010-10-12,49.74496356674864
2010-10-13,49.74484509094202
2010-10-14,49.74465243088175
2010-10-15,49.73363470150075
2010-10-18,49.736418729970424
2010-10-19,49.75745391733229
2010-10-20,49.75472934264853
2010-10-21,49.74721449073678
2010-10-22,49.7352046045331
2010-10-25,49.71827055262495
2010-10-26,49.73451150434066
2010-10-27,49.74680861496134
2010-10-28,49.75642141012221
2010-10-29,49.75948347390908
2010-11-01,49.77735673335255
2010-11-02,49.79805869356858
2010-11-03,49.77757648236749
2010-11-04,49.770521158898376
2010-11-05,49.76300755576169
2010-11-08,49.76978489150826
2010-11-09,49.77659114703356
2010-11-10,49.765154830744926
2010-11-11,49.731833704514486
2010-11-12,49.711256797436945
2010-11-15,49.680736062723746
2010-11-16,49.67113494848732
2010-11-17,49.661869355487156
2010-11-18,49.66903541833866
2010-11-19,49.68296554101665
2010-11-22,49.683579317013624
2010-11-23,49.684352585963865
2010-11-24,49.714462599225
2010-11-25,49.72016362941558
2010-11-26,49.721933962992814
2010-11-29,49.73969220298257
2010-11-30,49.74121629415991
2010-12-01,49.74192610396626
2010-12-02,49.73672328232188
2010-12-03,49.73996837309005
2010-12-06,49.733478198806374
2010-12-07,49.73218770168704
2010-12-08,49.719531902407276
2010-12-09,49.7353631319886
2010-12-10,49.73227274232421
2010-12-13,49.73172858276666
2010-12-14,49.71346712728579
2010-12-15,49.710133327781186
2010-12-16,49.73125538597567
2010-12-17,49.73979483121902
2010-12-20,49.73063087467155
2010-12-21,49.725260331649174
2010-12-22,49.72081036740475
2010-12-23,49.7137209947741
2010-12-24,49.710530346416206
2010-12-27,49.728227111268176
2010-12-28,49.71994625603081
2010-12-29,49.70805029662068
2010-12-30,49.69240941440484
2010-12-31,49.6846507989459
2011-01-03,49.71794910432446
2011-01-04,49.73704280649943
2011-01-05,49.747309172556186
2011-01-06,49.76184127561886
2011-01-07,49.75322258951321
2011-01-10,49.7469149411956
2011-01-11,49.76473714215663
2011-01-12,49.764505489274185
2011-01-13,49.75995899755569
2011-01-14,49.77832172194343
2011-01-17,49.76010051603941
2011-01-18,49.77574273605926
2011-01-19,49.781455174151276
2011-01-20,49.77212854007148
2011-01-21,49.77146399300433
2011-01-24,49.77843072819112
2011-01-25,49.772272932427235
2011-01-26,49.78403075925379
2011-01-27,49.77394608654495
2011-01-28,49.77931116011963
2011-01-31,49.76114161443799
2011-02-01,49.75397962432364
2011-02-02,49.75510452438834
2011-02-03,49.748300916247594
2011-02-04,49.72876333491703
2011-02-07,49.74543195944861
2011-02-08,49.75619745404151
2011-02-09,49.74750839832243
2011-02-10,49.75448078499109
2011-02-11,49.74034394440428
2011-02-14,49.76560097333499
2011-02-15,49.755487982382995
2011-02-16,49.78056783952789
2011-02-17,49.795299181849174
2011-02-18,49.79637550694638
2011-02-21,49.76908543312023
2011-02-22,49.75387123611894
2011-02-23,49.74967216379529
2011-02-24,49.74510917827097
2011-02-25,49.740259566633426
2011-02-28,49.71398041091906
2011-03-01,49.743154891003385
2011-03-02,49.74586025110214
2011-03-03,49.74680459221689
2011-03-04,49.72818708783166
2011-03-07,49.735916692420815
2011-03-08,49.724829427860946
2011-03-09,49.71631062068858
2011-03-10,49.71640723734115
2011-03-11,49.7382791160892
2011-03-14,49.76080106978034
2011-03-15,49.74004386365273
2011-03-16,49.741321396474454
2011-03-17,49.74695832031418
2011-03-18,49.75993399693273
2011-03-21,49.7605297163293
2011-03-22,49.75939032156183
2011-03-23,49.77303264057662
2011-03-24,49.78941613603348
2011-03-25,49.806228702856835
2011-03-28,49.794844070186095
2011-03-29,49.78809863077796
2011-03-30,49.781436608601396
2011-03-31,49.7828211904467
2011-04-01,49.79076022445258
2011-04-04,49.80051346434715
2011-04-05,49.80639632104837
2011-04-06,49.80944264837654
2011-04-07,49.80920455988541
2011-04-08,49.81770231665181
2011-04-11,49.82375279305787
2011-04-12,49.83718042290956
2011-04-13,49.860145493456336
2011-04-14,49.85484802070447
2011-04-15,49.84761276695594
2011-04-18,49.85314777165728
2011-04-19,49.84769252018083
2011-04-20,49.865181026107884
2011-04-21,49.84086921379728
2011-04-22,49.841523857976256
2011-04-25,49.84321844922379
2011-04-26,49.830483069873054
2011-04-27,49.802401159943386
2011-04-28,49.79384037528868
2011-04-29,49.788312678187445
2011-05-02,49.79862061501754
2011-05-03,49.807515040127974
2011-05-04,49.8041585229488
2011-05-05,49.81040070421776
2011-05-06,49.795195707086435
2011-05-09,49.78644009173459
2011-05-10,49.784606330664275
2011-05-11,49.81082001418311
2011-05-12,49.79075916310607
2011-05-13,49.79746692921702
2011-05-16,49.805318451011665
2011-05-17,49.780009513298424
2011-05-18,49.780955577973195
2011-05-19,49.78924325208613
2011-05-20,49.78425151097524
2011-05-23,49.78681745740928
2011-05-24,49.77675801500101
2011-05-25,49.744898457350644
2011-05-26,49.70299362573163
2011-05-27,49.69746955043225
2011-05-30,49.70295791350354
2011-05-31,49.69801203304261
2011-06-01,49.70353289169715
2011-06-02,49.71461283342286
2011-06-03,49.73081115507901
2011-06-06,49.73355578689829
2011-06-07,49.76178968508298
2011-06-08,49.77665472994883
2011-06-09,49.788161837467975
2011-06-10,49.76701982044922
2011-06-13,49.764228753778916
2011-06-14,49.754477912100285
2011-06-15,49.77217105732966
2011-06-16,49.765164844282275
2011-06-17,49.77065155861543
2011-06-20,49.76697361437272
2011-06-21,49.76883535586789
2011-06-22,49.764133473415306
2011-06-23,49.76547684401175
2011-06-24,49.77954175454934
2011-06-27,49.78916115735495
2011-06-28,49.76456161881607
2011-06-29,49.74971925567158
2011-06-30,49.75777069115829
2011-07-01,49.752282810421846
2011-07-04,49.775205518996856
2011-07-05,49.77268204278698
2011-07-06,49.75873197526424
2011-07-07,49.763914653060475
2011-07-08,49.75681579222705
2011-07-11,49.746833366486875
2011-07-12,49.74131468854081
2011-07-13,49.75358991470774
2011-07-14,49.75788274424805
2011-07-15,49.77005910589343
2011-07-18,49.75601249357259
2011-07-19,49.770015244942485
2011-07-20,49.769479139136436
2011-07-21,49.76118622197061
2011-07-22,49.742051736529696
2011-07-25,49.7590209507406
2011-07-26,49.76128079453482
2011-07-27,49.76787053431011
2011-07-28,49.75055994555663
2011-07-29,49.751446167425144
2011-08-01,49.738292316333144
2011-08-02,49.744440971698616
2011-08-03,49.742333329981335
2011-08-04,49.70662294784297
2011-08-05,49.68381206295427
2011-08-08,49.68366854166105
2011-08-09,49.68464254917623
2011-08-10,49.67936143887943
2011-08-11,49.669654769647664
2011-08-12,49.66888825442077
2011-08-15,49.65496255286856
2011-08-16,49.65596054189053
2011-08-17,49.670822617483225
2011-08-18,49.665349775876635
2011-08-19,49.656980313463755
2011-08-22,49.66063505709852
2011-08-23,49.68946823463614
2011-08-24,49.67139660061963
2011-08-25,49.69138064809642
2011-08-26,49.701978730223836
2011-08-29,49.719593123328856
2011-08-30,49.73906135657672
2011-08-31,49.738275046187255
2011-09-01,49.746081100450056
2011-09-02,49.74519220193103
2011-09-05,49.719904807937596
2011-09-06,49.71264190118336
2011-09-07,49.72172230592881
2011-09-08,49.73361529473237
2011-09-09,49.72644903033257
2011-09-12,49.709412739436814
2011-09-13,49.72017178783927
2011-09-14,49.73627868722288
2011-09-15,49.73889211744108
2011-09-16,49.742277638043696
2011-09-19,49.74129981473199
2011-09-20,49.73085777223721
2011-09-21,49.727489677695544
2011-09-22,49.73338533149891
2011-09-23,49.719388034095175
2011-09-26,49.74055207398085
2011-09-27,49.738664291276045
2011-09-28,49.70370107836396
2011-09-29,49.71579043268491
2011-09-30,49.69889176841061
2011-10-03,49.685849865250795
2011-10-04,49.67698147752532
2011-10-05,49.674451328618034
2011-10-06,49.67600738331493
2011-10-07,49.65469813625349
2011-10-10,49.65480966097707
2011-10-11,49.65652041728313
2011-10-12,49.63415081572139
2011-10-13,49.625351668893124
2011-10-14,49.64124243972172
2011-10-17,49.64408127827443
2011-10-18,49.66420247160995
2011-10-19,49.67387074281578
2011-10-20,49.685166748428955
2011-10-21,49.65664786424588
2011-10-24,49.669072392368726
2011-10-25,49.66398783902205
2011-10-26,49.662019437779406
2011-10-27,49.66256384482827
2011-10-28,49.66357518315689
2011-10-31,49.67625296717167
2011-11-01,49.677901456486644
2011-11-02,49.706041931390835
2011-11-03,49.70929288300079
2011-11-04,49.710327641862655
2011-11-07,49.73594506188386
2011-11-08,49.72886044988115
2011-11-09,49.71263412185845
2011-11-10,49.745517061486126
2011-11-11,49.740691038545386
2011-11-14,49.74053788721695
2011-11-15,49.76497439374555
2011-11-16,49.765013051815906
2011-11-17,49.750197665017744
2011-11-18,49.728469319655
2011-11-21,49.72684187102107
2011-11-22,49.74605634884452
2011-11-23,49.744252910314174
2011-11-24,49.728178360564165
2011-11-25,49.71852110503721
2011-11-28,49.71572881572688
2011-11-29,49.72103033377588
2011-11-30,49.71976140927779
2011-12-01,49.707135380780954
2011-12-02,49.709840198481984
2011-12-05,49.70111739034278
2011-12-06,49.69356913447861
2011-12-07,49.69538443123514
2011-12-08,49.694551486757355
2011-12-09,49.68781134240312
2011-12-12,49.67082939577384
2011-12-13,49.6539519000781
2011-12-14,49.65091156360544
2011-12-15,49.65059115964411
2011-12-16,49.65579540092741
2011-12-19,49.64507043625073
2011-12-20,49.64657760284244
2011-12-21,49.63340961460034
2011-12-22,49.62122013688858
2011-12-23,49.632151408006756
2011-12-26,49.63940895532114
2011-12-27,49.634719112698505
2011-12-28,49.648023934101744
2011-12-29,49.66492864631934
2011-12-30,49.64972155261619
2012-01-02,49.658662957164054
2012-01-03,49.67844362549207
2012-01-04,49.67526388775045
2012-01-05,49.66501987700843
2012-01-06,49.652272217745455
2012-01-09,49.665766943103954
2012-01-10,49.67375707275142
2012-01-11,49.68754778198362
2012-01-12,49.67460926821891
2012-01-13,49.667981016204244
2012-01-16,49.662688698517115
2012-01-17,49.67132280592581
2012-01-18,49.67179506217862
2012-01-19,49.65973202151005
2012-01-20,49.660764883675334
2012-01-23,49.658616289538095
2012-01-24,49.66288270291806
2012-01-25,49.64963739978947
2012-01-26,49.669425741064956
2012-01-27,49.661263046902555
2012-01-30,49.65846873255435
2012-01-31,49.6858759247265
2012-02-01,49.673742018496675
2012-02-02,49.67435037305195
2012-02-03,49.69291746545341
2012-02-06,49.712469086211605
2012-02-07,49.720483755689635
2012-02-08,49.70613511607655
2012-02-09,49.67608811521517
2012-02-10,49.69490301202456
2012-02-13,49.68261070110821
2012-02-14,49.66334004544429
2012-02-15,49.69230362552921
2012-02-16,49.664322647391515
2012-02-17,49.66455516096983
2012-02-20,49.6421960315325
2012-02-21,49.64874214227315
2012-02-22,49.649750308632676
2012-02-23,49.6628858972516
2012-02-24,49.66259257714848
2012-02-27,49.66334144256809
2012-02-28,49.65589430855441
2012-02-29,49.65399679741914
2012-03-01,49.665394476201804
2012-03-02,49.6329297209399
2012-03-05,49.62076344087015
2012-03-06,49.61225445354054
2012-03-07,49.633423381750944
2012-03-08,49.62347146464462
2012-03-09,49.624076287156356
2012-03-12,49.62849657612819
2012-03-13,49.654165697633225
2012-03-14,49.637469660601575
2012-03-15,49.61716442186815
2012-03-16,49.61012269718733
2012-03-19,49.638961723870736
2012-03-20,49.64571905121716
2012-03-21,49.64680801043471
2012-03-22,49.649787825938816
2012-03-23,49.63875655358395
2012-03-26,49.62396735999563
2012-03-27,49.63389045363356
2012-03-28,49.65407502834067
2012-03-29,49.660632695416034
2012-03-30,49.659900542410696
2012-04-02,49.64496452626108
2012-04-03,49.639185595789826
2012-04-04,49.66296720504146
2012-04-05,49.622374525924975
2012-04-06,49.64627541434085
2012-04-09,49.64456129614907
2012-04-10,49.63975673190824
2012-04-11,49.64202544515954
2012-04-12,49.63928941002571
2012-04-13,49.60461494012753
2012-04-16,49.596506907899126
2012-04-17,49.607021359679045
2012-04-18,49.6242545275731
2012-04-19,49.610070053156754
2012-04-20,49.60697349921039
2012-04-23,49.58786381871062
2012-04-24,49.587108449347426
2012-04-25,49.60116709290059
2012-04-26,49.598612704104674
2012-04-27,49.592031994282934
2012-04-30,49.56896213600003
2012-05-01,49.57231762341745
2012-05-02,49.56325074573999
2012-05-03,49.560560249182906
2012-05-04,49.54830127831828
2012-05-07,49.53117786469496
2012-05-08,49.529042746994605
2012-05-09,49.520161150540964
2012-05-10,49.53727575325066
2012-05-11,49.51530888294966
2012-05-14,49.504559161098236
2012-05-15,49.49619457245133
2012-05-16,49.473303382061374
2012-05-17,49.4797394731249
2012-05-18,49.44405123262182
2012-05-21,49.43564870150309
2012-05-22,49.44070131230764
2012-05-23,49.45607698736001
2012-05-24,49.435628646645775
2012-05-25,49.43184907387708
2012-05-28,49.42783793961435
2012-05-29,49.44609761172011
2012-05-30,49.466756615415036
2012-05-31,49.45437928223636
2012-06-01,49.44247396199345
2012-06-04,49.43378399209411
2012-06-05,49.398222966065966
2012-06-06,49.40198092346358
2012-06-07,49.410355071048976
2012-06-08,49.42613881544012
2012-06-11,49.41601828014905
2012-06-12,49.445698462121996
2012-06-13,49.427228303588954
2012-06-14,49.40941017408461
2012-06-15,49.42599020277646
2012-06-18,49.41303039319509
2012-06-19,49.413396828616996
2012-06-20,49.41630005276624
2012-06-21,49.41928402759751
2012-06-22,49.42519582966964
2012-06-25,49.416237158935104
2012-06-26,49.41471598408948
2012-06-27,49.3752797332604
2012-06-28,49.38147854895946
2012-06-29,49.34295389229228
2012-07-02,49.347020659243874
2012-07-03,49.35055194727054
2012-07-04,49.37051358672614
2012-07-05,49.39263620693459
2012-07-06,49.404782026548894
2012-07-09,49.41776805479114
2012-07-10,49.4226107398573
2012-07-11,49.41456048833593
2012-07-12,49.400566565317675
2012-07-13,49.39229077667031
2012-07-16,49.41633413594611
2012-07-17,49.420442158613604
2012-07-18,49.415194623020746
2012-07-19,49.411332060833416
2012-07-20,49.414780448809836
2012-07-23,49.412039066543805
2012-07-24,49.42204839981953
2012-07-25,49.40255587362674
2012-07-26,49.39148872910841
2012-07-27,49.363967471432794
2012-07-30,49.37050649788581
2012-07-31,49.380241484322326
2012-08-01,49.390646320020934
2012-08-02,49.38682990129791
2012-08-03,49.402727636150644
2012-08-06,49.39162530034042
2012-08-07,49.38391395198086
2012-08-08,49.40102801796229
2012-08-09,49.364579390530885
2012-08-10,49.387139221480574
2012-08-13,49.407310146341864
2012-08-14,49.418395974534626
2012-08-15,49.42106317216734
2012-08-16,49.43281965355714
2012-08-17,49.41037685934828
2012-08-20,49.414926787562926
2012-08-21,49.43394375813341
2012-08-22,49.44589937009762
2012-08-23,49.43945633174453
2012-08-24,49.44206735890345
2012-08-27,49.43422312926651
2012-08-28,49.42481439666602
2012-08-29,49.40910113855742
2012-08-30,49.419521430003726
2012-08-31,49.40671292418731
2012-09-03,49.38957906828656
2012-09-04,49.40360614484015
2012-09-05,49.39030203708715
2012-09-06,49.37777513320341
2012-09-07,49.3802943068783
2012-09-10,49.36186862546027
2012-09-11,49.37701251131933
2012-09-12,49.37626780824971
2012-09-13,49.4004668924171
2012-09-14,49.39697746661431
2012-09-17,49.39297946572991
2012-09-18,49.36875646395564
2012-09-19,49.3749699891944
2012-09-20,49.393271757640555
2012-09-21,49.386201889582274
2012-09-24,49.400959778170744
2012-09-25,49.40344403252092
2012-09-26,49.39177689056929
2012-09-27,49.39864726972533
2012-09-28,49.40278747989846
2012-10-01,49.39253019431302
2012-10-02,49.4167958060987
2012-10-03,49.42077221707915
2012-10-04,49.42493592325974
2012-10-05,49.425708522967724
2012-10-08,49.435214442169986
2012-10-09,49.44560688946701
2012-10-10,49.442137345928714
2012-10-11,49.45878765576776
2012-10-12,49.456492458095916
2012-10-15,49.46600563006856
2012-10-16,49.476829893338135
2012-10-17,49.49900995963222
2012-10-18,49.48170304266882
2012-10-19,49.4732226829047
2012-10-22,49.48241779579483
2012-10-23,49.48684027703659
2012-10-24,49.475548044491596
2012-10-25,49.47296623701628
2012-10-26,49.46343999866731
2012-10-29,49.441985232792305
2012-10-30,49.46669186407243
2012-10-31,49.450591475425526
2012-11-01,49.445721923599514
2012-11-02,49.44097421820029
2012-11-05,49.44811313328261
2012-11-06,49.42510783051219
2012-11-07,49.4197238624151
2012-11-08,49.4268937951674
2012-11-09,49.426280082704416
2012-11-12,49.42333721897238
2012-11-13,49.42624237254768
2012-11-14,49.44094268295189
2012-11-15,49.43575483156265
2012-11-16,49.42102587904507
2012-11-19,49.415028026988104
2012-11-20,49.408308035913514
2012-11-21,49.40178038065484
2012-11-22,49.39675875604564
2012-11-23,49.37154723207447
2012-11-26,49.35646129461502
2012-11-27,49.3618037234378
2012-11-28,49.35900797714016
2012-11-29,49.334314183332374
2012-11-30,49.348410752299095
2012-12-03,49.32912066516842
2012-12-04,49.34096489988705
2012-12-05,49.34672804599539
2012-12-06,49.330468134375984
2012-12-07,49.31393963940377
2012-12-10,49.31213837804276
2012-12-11,49.33812449988008
2012-12-12,49.349885937239364
2012-12-13,49.33521754037149
2012-12-14,49.347301006726624
2012-12-17,49.318246704099806
2012-12-18,49.32200370387584
2012-12-19,49.321860393638076
2012-12-20,49.33331151734352
2012-12-21,49.34921156808851
2012-12-24,49.384521750323756
2012-12-25,49.345132443983296
2012-12-26,49.33063073474985
2012-12-27,49.345800898722814
2012-12-28,49.35956621243965
2012-12-31,49.371458342653256
2013-01-01,49.336481401523166
2013-01-02,49.35876836558404
2013-01-03,49.35627623947897
2013-01-04,49.385054033590244
2013-01-07,49.384506841295305
2013-01-08,49.39230631675242
2013-01-09,49.406162007650344
2013-01-10,49.40152116650722
2013-01-11,49.37044838054
2013-01-14,49.37880370817032
2013-01-15,49.37856028820069
2013-01-16,49.39057307707481
2013-01-17,49.38910582330347
2013-01-18,49.39250612072952
2013-01-21,49.397927227554455
2013-01-22,49.39351142842689
2013-01-23,49.374904293457384
2013-01-24,49.357116826492216
2013-01-25,49.36827558814447
2013-01-28,49.36771328419448
2013-01-29,49.35069767202148
2013-01-30,49.37460226239469
2013-01-31,49.390909933781884
2013-02-01,49.36989284121346
2013-02-04,49.38166127377464
2013-02-05,49.36526378792483
2013-02-06,49.34390096596704
2013-02-07,49.33579882470655
2013-02-08,49.32762759396614
2013-02-11,49.312971979418755
2013-02-12,49.311644952394616
2013-02-13,49.31218678213567
2013-02-14,49.298581790075644
2013-02-15,49.29728545738723
2013-02-18,49.290015688574485
2013-02-19,49.26656738409988
2013-02-20,49.26690077384588
2013-02-21,49.25327585976667
2013-02-22,49.25865590232923
2013-02-25,49.24916455122073
2013-02-26,49.24205576275807
2013-02-27,49.23176048684378
2013-02-28,49.21358107756943
2013-03-01,49.206449806686805
2013-03-04,49.17649326749529
2013-03-05,49.18253289570232
2013-03-06,49.159910896278674
2013-03-07,49.15537325355631
2013-03-08,49.17197166215896
2013-03-11,49.17638287404098
2013-03-12,49.17467131844498
2013-03-13,49.153530932336004
2013-03-14,49.157875084612066
2013-03-15,49.15840851793487
2013-03-18,49.12827325339328
2013-03-19,49.14268283269051
2013-03-20,49.15527345272419
2013-03-21,49.17123958543304
2013-03-22,49.17031466663771
2013-03-25,49.191314656563904
2013-03-26,49.19875511984768
2013-03-27,49.189031927629166
2013-03-28,49.18437115407778
2013-03-29,49.183192158730236
2013-04-01,49.17712750090043
2013-04-02,49.201147872566615
2013-04-03,49.19657624116655
2013-04-04,49.19205343435885
2013-04-05,49.19237626072288
2013-04-08,49.21513755511556
2013-04-09,49.226857115617385
2013-04-10,49.22944812081801
2013-04-11,49.22475297336875
2013-04-12,49.221616234251584
2013-04-15,49.21387856661822
2013-04-16,49.22584133867721
2013-04-17,49.21933172874934
2013-04-18,49.20960016472921
2013-04-19,49.209090584059176
2013-04-22,49.204711670497424
2013-04-23,49.183167102830225
2013-04-24,49.17496493802069
2013-04-25,49.18255221799279
2013-04-26,49.16566238288809
2013-04-29,49.17494757574815
2013-04-30,49.17863400050807
2013-05-01,49.20035034190415
2013-05-02,49.208852544305536
2013-05-03,49.19967894103245
2013-05-06,49.19253960003409
2013-05-07,49.1900332996076
2013-05-08,49.179963731803774
2013-05-09,49.18611564803845
2013-05-10,49.18657042114652
2013-05-13,49.172305507479386
2013-05-14,49.15571473958211
2013-05-15,49.15148800644653
2013-05-16,49.139617323288526
2013-05-17,49.16461811469027
2013-05-20,49.15136349005583
2013-05-21,49.17319874917088
2013-05-22,49.177483935543684
2013-05-23,49.19516101171626
2013-05-24,49.20211284867874
2013-05-27,49.218805105165515
2013-05-28,49.201224967362066
2013-05-29,49.17948331727838
2013-05-30,49.185950564242916
2013-05-31,49.17084916341796
2013-06-03,49.18026065117553
2013-06-04,49.186869305735875
2013-06-05,49.18515998181359
2013-06-06,49.19641784581272
2013-06-07,49.18723874340518
2013-06-10,49.20105573346073
2013-06-11,49.18937908317562
2013-06-12,49.2067695420944
2013-06-13,49.21117081294946
2013-06-14,49.175141525170645
2013-06-17,49.1539016456047
2013-06-18,49.155394685696734
2013-06-19,49.1779626986707
2013-06-20,49.168018998858045
2013-06-21,49.17857152861105
2013-06-24,49.19189473992569
2013-06-25,49.20215325600008
2013-06-26,49.18489062526847
2013-06-27,49.201714385599935
2013-06-28,49.17517452126216
2013-07-01,49.18538708546531
2013-07-02,49.17042082028003
2013-07-03,49.16680475687342
2013-07-04,49.17679304220485
2013-07-05,49.19464223406722
2013-07-08,49.19757518244233
2013-07-09,49.20388978399877
2013-07-10,49.20449008620213
2013-07-11,49.18272662547244
2013-07-12,49.17757291765251
2013-07-15,49.190209391435644
2013-07-16,49.18492754310298
2013-07-17,49.191839988164624
2013-07-18,49.17116294435061
2013-07-19,49.17668401298939
2013-07-22,49.16429324001646
2013-07-23,49.17486188182782
2013-07-24,49.164275613459615
2013-07-25,49.172615689861544
2013-07-26,49.163186118571616
2013-07-29,49.1896879300056
2013-07-30,49.190784199707856
2013-07-31,49.22940871969672
2013-08-01,49.2437056570247
2013-08-02,49.22482515278038
2013-08-05,49.232561617346676
2013-08-06,49.21058192687405
2013-08-07,49.21808814618985
2013-08-08,49.218303279268234
2013-08-09,49.191886246705835
2013-08-12,49.20034592391259
2013-08-13,49.182158977275854
2013-08-14,49.16969861464297
2013-08-15,49.1618688034286
2013-08-16,49.160158004144265
2013-08-19,49.17327855230663
2013-08-20,49.17192502793122
2013-08-21,49.18109471666772
2013-08-22,49.175351717762425
2013-08-23,49.19030067437394
2013-08-26,49.18579999687535
2013-08-27,49.20116090367762
2013-08-28,49.21463395548153
2013-08-29,49.20610582745972
2013-08-30,49.181443242654986
2013-09-02,49.170089339772815
2013-09-03,49.1769195811587
2013-09-04,49.158026589673206
2013-09-05,49.15625450012289
2013-09-06,49.16302728113049
2013-09-09,49.1528242788142
2013-09-10,49.14191135140727
2013-09-11,49.13973882722532
2013-09-12,49.13617302875154
2013-09-13,49.15541360804933
2013-09-16,49.16852406072941
2013-09-17,49.177667721972576
2013-09-18,49.176359299085945
2013-09-19,49.184023808468915
2013-09-20,49.17306930476612
2013-09-23,49.153215918377036
2013-09-24,49.146209964204346
2013-09-25,49.139958512200245
2013-09-26,49.13424363706057
2013-09-27,49.13371398940486
2013-09-30,49.1378412842646
2013-10-01,49.12083337816965
2013-10-02,49.148926149465524
2013-10-03,49.157517024481436
2013-10-04,49.16777801183981
2013-10-07,49.170019524589186
2013-10-08,49.16428589891973
2013-10-09,49.17632213827143
2013-10-10,49.15513499760843
2013-10-11,49.18630156804919
2013-10-14,49.168558836159534
2013-10-15,49.19200956046575
2013-10-16,49.198474236580125
2013-10-17,49.18912832392688
2013-10-18,49.16381546914877
2013-10-21,49.16251507045675
2013-10-22,49.163125200964416
2013-10-23,49.16197136220001
2013-10-24,49.137602658508314
2013-10-25,49.1459470175262
2013-10-28,49.13462702876831
2013-10-29,49.13928104212021
2013-10-30,49.13199403887062
2013-10-31,49.13994460421523
2013-11-01,49.153493594900056
2013-11-04,49.15710290195707
2013-11-05,49.16388212801664
2013-11-06,49.17270283761641
2013-11-07,49.16571001085042
2013-11-08,49.175343013985554
2013-11-11,49.16849686331014
2013-11-12,49.17401593959693
2013-11-13,49.210690870876284
2013-11-14,49.18512817585487
2013-11-15,49.20470512995379
2013-11-18,49.20088926124937
2013-11-19,49.17711864265247
2013-11-20,49.18204104561512
2013-11-21,49.16853982640838
2013-11-22,49.196254620954555
2013-11-25,49.20401004033786
2013-11-26,49.21336040519448
2013-11-27,49.21664264728454
2013-11-28,49.2125946907721
2013-11-29,49.21309467837838
2013-12-02,49.2017241835776
2013-12-03,49.2109442224166
2013-12-04,49.24170518765197
2013-12-05,49.223716159558556
2013-12-06,49.23186895609311
2013-12-09,49.220976946963255
2013-12-10,49.22128753043476
2013-12-11,49.23171458002005
2013-12-12,49.248759567247376
2013-12-13,49.25228475660801
2013-12-16,49.25254298794119
2013-12-17,49.21974107496647
2013-12-18,49.216723105204224
2013-12-19,49.209060019373844
2013-12-20,49.22109023413054
2013-12-23,49.2241497805871
2013-12-24,49.23404343749168
2013-12-25,49.23279454422667
2013-12-26,49.23452915436175
2013-12-27,49.243726963204004
2013-12-30,49.21826526468218
2013-12-31,49.21515088671224
2014-01-01,49.22755965377736
2014-01-02,49.23681933634275
2014-01-03,49.246319731830404
2014-01-06,49.2544268592895
2014-01-07,49.250323775921
2014-01-08,49.23996858073707
2014-01-09,49.24857516229264
2014-01-10,49.25999900267821
2014-01-13,49.270952740632744
2014-01-14,49.282198465327745
2014-01-15,49.26792737509143
2014-01-16,49.258985715654646
2014-01-17,49.28034937748121
2014-01-20,49.280566563566225
2014-01-21,49.291496324906866
2014-01-22,49.304407542603336
2014-01-23,49.291122356124085
2014-01-24,49.288280111944076
2014-01-27,49.30258909212544
2014-01-28,49.29826613797412
2014-01-29,49.2872879650477
2014-01-30,49.28270920937656
2014-01-31,49.315938725907664
2014-02-03,49.32588031113427
2014-02-04,49.33051563333771
2014-02-05,49.324712711683894
2014-02-06,49.361873679673934
2014-02-07,49.365558106863574
2014-02-10,49.3528504894135
2014-02-11,49.35123322970887
2014-02-12,49.33937057291769
2014-02-13,49.349624829247055
2014-02-14,49.345578509175475
2014-02-17,49.34461831162265
2014-02-18,49.35400815925133
2014-02-19,49.347956209339245
2014-02-20,49.37241313665682
2014-02-21,49.37624001225522
2014-02-24,49.3682585308496
2014-02-25,49.36058975695604
2014-02-26,49.34283600571164
2014-02-27,49.34810746436287
2014-02-28,49.34457710889552
2014-03-03,49.34736540142834
2014-03-04,49.35851300525655
2014-03-05,49.35444115859546
2014-03-06,49.34636982165173
2014-03-07,49.345624796058466
2014-03-10,49.35513679709983
2014-03-11,49.33410593759301
2014-03-12,49.32227296714478
2014-03-13,49.319586296689614
2014-03-14,49.336009390763614
2014-03-17,49.34481596554128
2014-03-18,49.33477287626965
2014-03-19,49.33449313795661
2014-03-20,49.31546679232764
2014-03-21,49.324174601224996
2014-03-24,49.30769594076118
2014-03-25,49.301471822993896
2014-03-26,49.317213034989
2014-03-27,49.324339842738105
2014-03-28,49.33018020906274
2014-03-31,49.33777400319609
2014-04-01,49.36796365930177
2014-04-02,49.39322567918952
2014-04-03,49.418803639370346
2014-04-04,49.42671293293267
2014-04-07,49.45014787171003
2014-04-08,49.43369574059633
2014-04-09,49.41810385190577
2014-04-10,49.39948740730237
2014-04-11,49.414548660548824
2014-04-14,49.40976468315286
2014-04-15,49.409177559723716
2014-04-16,49.385546599028075
2014-04-17,49.383703657057154
2014-04-18,49.36045731014819
2014-04-21,49.3375597117726
2014-04-22,49.31920735236872
2014-04-23,49.31652213467631
2014-04-24,49.335891796486955
2014-04-25,49.325387666733086
2014-04-28,49.317372686130575
2014-04-29,49.29653010418276
2014-04-30,49.3054991749716
2014-05-01,49.29150795734796
2014-05-02,49.29801312478994
2014-05-05,49.29424513103433
2014-05-06,49.313944200962695
2014-05-07,49.32697842454131
2014-05-08,49.35173957762129
2014-05-09,49.34085248560089
2014-05-12,49.35221328015136
2014-05-13,49.35256515834757
2014-05-14,49.35913638426405
2014-05-15,49.378713608099304
2014-05-16,49.374411340845676
2014-05-19,49.398422195282414
2014-05-20,49.38740736125835
2014-05-21,49.41165115289995
2014-05-22,49.41703031325833
2014-05-23,49.415743283475344
2014-05-26,49.425138305406364
2014-05-27,49.4612053291041
2014-05-28,49.44884360728612
2014-05-29,49.44670011851026
2014-05-30,49.41630491517068
2014-06-02,49.38867609082741
2014-06-03,49.39508997837307
2014-06-04,49.384907631941545
2014-06-05,49.37110663763641
2014-06-06,49.360912325258546
2014-06-09,49.35763369206275
2014-06-10,49.34065838679679
2014-06-11,49.34002540329779
2014-06-12,49.34346835185736
2014-06-13,49.349593217235444
2014-06-16,49.357566396339564
2014-06-17,49.35292867201153
2014-06-18,49.356060075430975
2014-06-19,49.34658614760669
2014-06-20,49.33744639212307
2014-06-23,49.33124772753235
2014-06-24,49.34583933334762
2014-06-25,49.332992329758895
2014-06-26,49.31283489893737
2014-06-27,49.327347258695575
2014-06-30,49.32016203557384
2014-07-01,49.35381415021247
2014-07-02,49.34328689251439
2014-07-03,49.340150923035075
2014-07-04,49.3162026244838
2014-07-07,49.31586173162068
2014-07-08,49.3215593041436
2014-07-09,49.33221179834695
2014-07-10,49.343425911857906
2014-07-11,49.341632252317865
2014-07-14,49.359457620785726
2014-07-15,49.362939051144316
2014-07-16,49.371895069578414
2014-07-17,49.37405442816089
2014-07-18,49.37574505648145
2014-07-21,49.37410097514326
2014-07-22,49.383033141835334
2014-07-23,49.39507775935072
2014-07-24,49.406262300803995
2014-07-25,49.4090749154024
2014-07-28,49.41180556604389
2014-07-29,49.40759031736147
2014-07-30,49.415595449404954
2014-07-31,49.39429716332602
2014-08-01,49.37349614074778
2014-08-04,49.36907502837706
2014-08-05,49.38484826858734
2014-08-06,49.39674774167536
2014-08-07,49.393905190955955
2014-08-08,49.38822896589595
2014-08-11,49.3876100020983
2014-08-12,49.39915871513271
2014-08-13,49.41951331011544
2014-08-14,49.42594236701192
2014-08-15,49.40609883229919
2014-08-18,49.408693922709
2014-08-19,49.41356945460645
2014-08-20,49.41589085478234
2014-08-21,49.418137034571885
2014-08-22,49.41257039199678
2014-08-25,49.397729511066224
2014-08-26,49.42330731301756
2014-08-27,49.404518876219484
2014-08-28,49.42695482038882
2014-08-29,49.42711565829638
2014-09-01,49.431928082683726
2014-09-02,49.444103930639564
2014-09-03,49.4607481418826
2014-09-04,49.45106628527956
2014-09-05,49.45692608269342
2014-09-08,49.452764190406526
2014-09-09,49.42897389074074
2014-09-10,49.412728808050765
2014-09-11,49.409330567008524
2014-09-12,49.4262017771714
2014-09-15,49.412921867682414
2014-09-16,49.41540981933336
2014-09-17,49.40857102545633
2014-09-18,49.41706172060053
2014-09-19,49.41489205773594
2014-09-22,49.40985759463988
2014-09-23,49.41676495524969
2014-09-24,49.41279792038868
2014-09-25,49.422188030760054
2014-09-26,49.39469978925548
2014-09-29,49.370766753113664
2014-09-30,49.371680176893946
2014-10-01,49.35444506704287
2014-10-02,49.371534184903794
2014-10-03,49.367949641386716
2014-10-06,49.35281868847449
2014-10-07,49.33917225456111
2014-10-08,49.358742388893695
2014-10-09,49.366436213686264
2014-10-10,49.383395429225445
2014-10-13,49.37168219576254
2014-10-14,49.36846316430358
2014-10-15,49.36208918148326
2014-10-16,49.335877071993956
2014-10-17,49.339074089408335
2014-10-20,49.33980289860295
2014-10-21,49.31331136007698
2014-10-22,49.299785423546126
2014-10-23,49.30262772488322
2014-10-24,49.309966650183725
2014-10-27,49.30522213801012
2014-10-28,49.30493725723577
2014-10-29,49.32866513936949
2014-10-30,49.32759205659161
2014-10-31,49.34254711886986
2014-11-03,49.33071683198709
2014-11-04,49.3147773756019
2014-11-05,49.31768717999758
2014-11-06,49.32707290529553
2014-11-07,49.330227665568806
2014-11-10,49.35264295902037
2014-11-11,49.373076126496734
2014-11-12,49.38023620698741
2014-11-13,49.381978921342814
2014-11-14,49.385295514983675
2014-11-17,49.38468054337853
2014-11-18,49.381856956134705
2014-11-19,49.38712538591026
2014-11-20,49.39831047227932
2014-11-21,49.39349331788583
2014-11-24,49.37250420374157
2014-11-25,49.35172943253558
2014-11-26,49.35596302593784
2014-11-27,49.35117328966935
2014-11-28,49.353238384570666
2014-12-01,49.34105882140809
2014-12-02,49.33335572394808
2014-12-03,49.3329277757693
2014-12-04,49.33510224298256
2014-12-05,49.34161738272098
2014-12-08,49.375807277538684
2014-12-09,49.36255313572812
2014-12-10,49.35563096455523
2014-12-11,49.34871246721814
2014-12-12,49.36750727318281
2014-12-15,49.36931151126375
2014-12-16,49.387106211541045
2014-12-17,49.38634507619194
2014-12-18,49.3953519257524
2014-12-19,49.41370770955066
2014-12-22,49.40264031298797
2014-12-23,49.409869590600074
2014-12-24,49.39472013689376
2014-12-25,49.39636429606749
2014-12-26,49.3941739632543
2014-12-29,49.38794244844732
2014-12-30,49.39318871785511
2014-12-31,49.398146043289955
2015-01-01,49.40121851342706
2015-01-02,49.414117370084
2015-01-05,49.44159635997874
2015-01-06,49.429068752765616
2015-01-07,49.439579558587
2015-01-08,49.45205301875559
2015-01-09,49.445194405304576
2015-01-12,49.44799995090618
2015-01-13,49.43681091205356
2015-01-14,49.43863557090036
2015-01-15,49.43705651296134
2015-01-16,49.419395425295995
2015-01-19,49.42792962549096
2015-01-20,49.45437977559659
2015-01-21,49.43117616486236
2015-01-22,49.41775397804434
2015-01-23,49.437430286142614
2015-01-26,49.42036540775589
2015-01-27,49.39812761295527
2015-01-28,49.38812851450008
2015-01-29,49.41961366178964
2015-01-30,49.414143114799266
2015-02-02,49.39001555635063
2015-02-03,49.38721191265619
2015-02-04,49.37636689306701
2015-02-05,49.385756914716495
2015-02-06,49.388574844258315
2015-02-09,49.365908175141044
2015-02-10,49.36609886865346
2015-02-11,49.34617736927792
2015-02-12,49.34259665043145
2015-02-13,49.36060637346241
2015-02-16,49.35765375063742
2015-02-17,49.33437701401823
2015-02-18,49.34609308696763
2015-02-19,49.32365733815029
2015-02-20,49.334680472098306
2015-02-23,49.33700572274005
2015-02-24,49.32347610049699
2015-02-25,49.336369769324804
2015-02-26,49.35756944897403
2015-02-27,49.34738796351308
2015-03-02,49.34613713860945
2015-03-03,49.34312626987648
2015-03-04,49.36911635885536
2015-03-05,49.38305669089095
2015-03-06,49.353456777342416
2015-03-09,49.33786832229963
2015-03-10,49.32766559139434
2015-03-11,49.31072109580125
2015-03-12,49.29729232542528
2015-03-13,49.3086547966995
2015-03-16,49.319351248112774
2015-03-17,49.307081571662415
2015-03-18,49.30576960004974
2015-03-19,49.28484375099888
2015-03-20,49.29951690387036
2015-03-23,49.30676398626446
2015-03-24,49.29873293397776
2015-03-25,49.28711312840171
2015-03-26,49.273558711305476
2015-03-27,49.28591740723775
2015-03-30,49.29825596672101
2015-03-31,49.303079014657705
2015-04-01,49.300021299580315
2015-04-02,49.30390766304193
2015-04-03,49.297544101254545
2015-04-06,49.277078636195284
2015-04-07,49.2978015525896
2015-04-08,49.316775841749134
2015-04-09,49.33392164205677
2015-04-10,49.3166880313862
2015-04-13,49.32364453212306
2015-04-14,49.33433006639829
2015-04-15,49.329371021729536
2015-04-16,49.3230839313315
2015-04-17,49.33704029633525
2015-04-20,49.32452045453718
2015-04-21,49.334151286354086
2015-04-22,49.33262787163038
2015-04-23,49.31104415179363
2015-04-24,49.28690849646566
2015-04-27,49.27153767421342
2015-04-28,49.283062850438746
2015-04-29,49.282175011420655
2015-04-30,49.27947090881513
2015-05-01,49.284962678117786
2015-05-04,49.25501665132523
2015-05-05,49.27743783714279
2015-05-06,49.27824937811563
2015-05-07,49.26998322887117
2015-05-08,49.28069433262193
2015-05-11,49.29120495080132
2015-05-12,49.279910162055664
2015-05-13,49.28943760478195
2015-05-14,49.28554420348047
2015-05-15,49.266492310252346
2015-05-18,49.268013328948925
2015-05-19,49.25587880450594
2015-05-20,49.23427186828195
2015-05-21,49.22575797636927
2015-05-22,49.224432889445865
2015-05-25,49.22874385887309
2015-05-26,49.23201691822122
2015-05-27,49.23343343946346
2015-05-28,49.248769346674074
2015-05-29,49.26495316365779
2015-06-01,49.27402773301557
2015-06-02,49.290871629809516
2015-06-03,49.27110843095768
2015-06-04,49.26458660836299
2015-06-05,49.266679649188134
2015-06-08,49.27250147208683
2015-06-09,49.27578620600576
2015-06-10,49.255144422574006
2015-06-11,49.263068072389395
2015-06-12,49.24701844771848
2015-06-15,49.26442612796092
2015-06-16,49.27455921667821
2015-06-17,49.29266618968873
2015-06-18,49.294389615066265
2015-06-19,49.2961704583945
2015-06-22,49.31894919167113
2015-06-23,49.32391168968145
2015-06-24,49.3112129989842
2015-06-25,49.29367030106468
2015-06-26,49.31603686602622
2015-06-29,49.326548507780565
2015-06-30,49.28845465698394
2015-07-01,49.3205663014011
2015-07-02,49.31524155979931
2015-07-03,49.34051918801196
2015-07-06,49.367488284214
2015-07-07,49.363327751008654
2015-07-08,49.36081206374975
2015-07-09,49.363243200486004
2015-07-10,49.34315729956658
2015-07-13,49.322478396234175
2015-07-14,49.310685361158114
2015-07-15,49.31400755868334
2015-07-16,49.33304450549306
2015-07-17,49.35622783277309
2015-07-20,49.37939952084416
2015-07-21,49.37361166619293
2015-07-22,49.35484585214332
2015-07-23,49.334874837691174
2015-07-24,49.349662745534864
2015-07-27,49.36140826895647
2015-07-28,49.3392204932523
2015-07-29,49.349828771566465
2015-07-30,49.34483740807581
2015-07-31,49.353263934927874
2015-08-03,49.339015920099285
2015-08-04,49.315178878194025
2015-08-05,49.31472836560405
2015-08-06,49.33223308472828
2015-08-07,49.35499012611013
2015-08-10,49.36122471926352
2015-08-11,49.35355555203218
2015-08-12,49.35018619855316
2015-08-13,49.35851787520133
2015-08-14,49.35518340285053
2015-08-17,49.34472301860345
2015-08-18,49.343280051283394
2015-08-19,49.36017411858986
2015-08-20,49.36713430468431
2015-08-21,49.387929139475986
2015-08-24,49.3889627084393
2015-08-25,49.395042490982895
2015-08-26,49.38796103701047
2015-08-27,49.406516538651886
2015-08-28,49.38312806604055
2015-08-31,49.378214164315054
2015-09-01,49.3834372635758
2015-09-02,49.36112372617666
2015-09-03,49.358779777448376
2015-09-04,49.36011710867094
2015-09-07,49.39456277261522
2015-09-08,49.40851177425261
2015-09-09,49.395795768212054
2015-09-10,49.4362540826506
2015-09-11,49.41151087561506
2015-09-14,49.419485421899665
2015-09-15,49.45412317512008
2015-09-16,49.45470780870117
2015-09-17,49.435508040414206
2015-09-18,49.44413169637979
2015-09-21,49.45554868871102
2015-09-22,49.45295248021912
2015-09-23,49.46856964988052
2015-09-24,49.48166812883703
2015-09-25,49.483488519286155
2015-09-28,49.49681689167593
2015-09-29,49.509664643840885
2015-09-30,49.51753936197845
2015-10-01,49.50821977345979
2015-10-02,49.491935296216326
2015-10-05,49.48536213963892
2015-10-06,49.50218652503251
2015-10-07,49.51734765483891
2015-10-08,49.52484770845146
2015-10-09,49.53245639873111
2015-10-12,49.55186361038416
2015-10-13,49.54921554173251
2015-10-14,49.55584496440796
2015-10-15,49.57669630844195
2015-10-16,49.57167205196836
2015-10-19,49.5822045605877
2015-10-20,49.59926540958048
2015-10-21,49.60258257959656
2015-10-22,49.58874735225277
2015-10-23,49.58117839530679
2015-10-26,49.58335178268332
2015-10-27,49.587531942418714
2015-10-28,49.59825560470961
2015-10-29,49.599463005229985
2015-10-30,49.59327221578439
2015-11-02,49.629305253443455
2015-11-03,49.64503891254795
2015-11-04,49.65504876940818
2015-11-05,49.66484142472767
2015-11-06,49.658271464770436
2015-11-09,49.63341478379778
2015-11-10,49.63090001131738
2015-11-11,49.63129499236651
2015-11-12,49.63156019075687
2015-11-13,49.64676334915621
2015-11-16,49.6266317943475
2015-11-17,49.63301962962744
2015-11-18,49.62464588015022
2015-11-19,49.64235802379724
2015-11-20,49.64508973666389
2015-11-23,49.673251777146724
2015-11-24,49.67515545834343
2015-11-25,49.69243609368206
2015-11-26,49.686378941795276
2015-11-27,49.69964897557494
2015-11-30,49.71855170385879
2015-12-01,49.70555283961592
2015-12-02,49.6964044873389
2015-12-03,49.70142734659465
2015-12-04,49.69120381608393
2015-12-07,49.686111925723814
2015-12-08,49.6776853314515
2015-12-09,49.659740900017006
2015-12-10,49.65954742296635
2015-12-11,49.6619028312616
2015-12-14,49.65120126504039
2015-12-15,49.65016767810036
2015-12-16,49.63017301319806
2015-12-17,49.617248354567415
2015-12-18,49.60541971774039
2015-12-21,49.60148794076035
2015-12-22,49.593361342690336
2015-12-23,49.5968542950899
2015-12-24,49.58266114598189
2015-12-25,49.593812079215006
2015-12-28,49.587437413963606
2015-12-29,49.61346931021737
2015-12-30,49.61229205913569
2015-12-31,49.619000173878085
2016-01-01,49.620727569641915
2016-01-04,49.614656758273675
2016-01-05,49.60300360675859
2016-01-06,49.59250743036421
2016-01-07,49.602775917827074
2016-01-08,49.60338001312684
2016-01-11,49.60226834991664
2016-01-12,49.59932580645551
2016-01-13,49.59615858240966
2016-01-14,49.583025543787855
2016-01-15,49.590278680812595
2016-01-18,49.62048684637253
2016-01-19,49.63460674735412
2016-01-20,49.60962226856547
2016-01-21,49.61056075683524
2016-01-22,49.618142432211364
2016-01-25,49.61802700737999
2016-01-26,49.63654603229976
2016-01-27,49.634061858791206
2016-01-28,49.62274208965312
2016-01-29,49.64735795798863
2016-02-01,49.65037250891706
2016-02-02,49.648228628277316
2016-02-03,49.63338374148243
2016-02-04,49.647340879013555
2016-02-05,49.667726947461524
2016-02-08,49.66464138972724
2016-02-09,49.65626130125701
2016-02-10,49.651062782004274
2016-02-11,49.63238893324367
2016-02-12,49.65125083350235
2016-02-15,49.65164451351177
2016-02-16,49.651987223601594
2016-02-17,49.67380454384868
2016-02-18,49.66332685725048
2016-02-19,49.65805475300143
2016-02-22,49.65678522317155
2016-02-23,49.67129246432872
2016-02-24,49.69282322650885
2016-02-25,49.70600765207696
2016-02-26,49.716557619953335
2016-02-29,49.72463153482682
2016-03-01,49.68573172251313
2016-03-02,49.68053244289009
2016-03-03,49.67089389705226
2016-03-04,49.689451033285415
2016-03-07,49.682056377057286
2016-03-08,49.71139440566729
2016-03-09,49.70661715391733
2016-03-10,49.694395798205484
2016-03-11,49.71497037381112
2016-03-14,49.71773702464076
2016-03-15,49.72204012846008
2016-03-16,49.73765776721713
2016-03-17,49.73518435782547
2016-03-18,49.72600022212583
2016-03-21,49.73759153732944
2016-03-22,49.733146708581195
2016-03-23,49.726877329661754
2016-03-24,49.71753119795887
2016-03-25,49.71722326513815
2016-03-28,49.708894608774
2016-03-29,49.72141343775072
2016-03-30,49.71970254268334
2016-03-31,49.724641292237635
2016-04-01,49.70590414811537
2016-04-04,49.717559293229456
2016-04-05,49.727154054508226
2016-04-06,49.73840342001148
2016-04-07,49.75985136842144
2016-04-08,49.76551090017236
2016-04-11,49.77498337872854
2016-04-12,49.78025684581686
2016-04-13,49.77382996628458
2016-04-14,49.77227503097777
2016-04-15,49.77073089583854
2016-04-18,49.7851510677299
2016-04-19,49.77353597574909
2016-04-20,49.74875472444169
2016-04-21,49.762860938504566
2016-04-22,49.774445252817934
2016-04-25,49.768247168699745
2016-04-26,49.74879337252785
2016-04-27,49.7334589291075
2016-04-28,49.74622514738448
2016-04-29,49.747638560967836
2016-05-02,49.76510782877505
2016-05-03,49.75613438518048
2016-05-04,49.75170201763788
2016-05-05,49.744982298700506
2016-05-06,49.74991379052098
2016-05-09,49.766252670473364
2016-05-10,49.777049575630784
2016-05-11,49.80246982640141
2016-05-12,49.80179977173564
2016-05-13,49.81961278383325
2016-05-16,49.82095425040205
2016-05-17,49.79543088646053
2016-05-18,49.82329915954104
2016-05-19,49.82026959022623
2016-05-20,49.81840579505745
2016-05-23,49.82610766627352
2016-05-24,49.79968973804864
2016-05-25,49.81312247869506
2016-05-26,49.825311190599734
2016-05-27,49.82731516078794
2016-05-30,49.834701428199594
2016-05-31,49.832271013953616
2016-06-01,49.843333980414116
2016-06-02,49.856382190674026
2016-06-03,49.85949113196325
2016-06-06,49.879070471724624
2016-06-07,49.86556531591925
2016-06-08,49.85206334747467
2016-06-09,49.81773101679641
2016-06-10,49.82886004151236
2016-06-13,49.8279997342557
2016-06-14,49.81633784776338
2016-06-15,49.825631743008294
2016-06-16,49.82251640307303
2016-06-17,49.826129181902544
2016-06-20,49.8386660444256
2016-06-21,49.8484454817312
2016-06-22,49.871572684334886
2016-06-23,49.8824419004648
2016-06-24,49.8717505892193
2016-06-27,49.860780962823554
2016-06-28,49.84189597618917
2016-06-29,49.836577052074325
2016-06-30,49.851315399511996
2016-07-01,49.83039791033505
2016-07-04,49.82397017296665
2016-07-05,49.832926662696615
2016-07-06,49.84477481399626
2016-07-07,49.84689350299818
2016-07-08,49.85529246845377
2016-07-11,49.885125261874464
2016-07-12,49.89799358099387
2016-07-13,49.88731893349566
2016-07-14,49.86810332452153
2016-07-15,49.87303126417026
2016-07-18,49.884501891207655
2016-07-19,49.87902307739592
2016-07-20,49.889326383608726
2016-07-21,49.88910431646591
2016-07-22,49.86558740245941
2016-07-25,49.8741054161258
2016-07-26,49.86034465131208
2016-07-27,49.870842707719014
2016-07-28,49.88444223766213
2016-07-29,49.891881962985316
2016-08-01,49.91525671720843
2016-08-02,49.92278572389899
2016-08-03,49.927695322091104
2016-08-04,49.93527204992826
2016-08-05,49.937885120763035
2016-08-08,49.96503045267268
2016-08-09,49.9749688432351
2016-08-10,50.012714798609196
2016-08-11,49.995398099146506
2016-08-12,49.99663082134317
2016-08-15,49.98840477378886
2016-08-16,49.998640337041316
2016-08-17,49.99689885681508
2016-08-18,50.00174463439048
2016-08-19,49.997292714022436
2016-08-22,50.002478340870745
2016-08-23,49.99626788186129
2016-08-24,50.00069982935879
2016-08-25,50.00755600500807
2016-08-26,50.009651119103395
2016-08-29,50.01783565363813
2016-08-30,50.02768184910776
2016-08-31,50.02236354922119
2016-09-01,50.0320784336585
2016-09-02,50.03933741348707
2016-09-05,50.05677603345791
2016-09-06,50.05857312945599
2016-09-07,50.06868449942198
2016-09-08,50.05965568824135
2016-09-09,50.041928400598195
2016-09-12,50.0450019236014
2016-09-13,50.04806654136108
2016-09-14,50.03896442949656
2016-09-15,50.01135142616684
2016-09-16,50.04537767955987
2016-09-19,50.05440424291248
2016-09-20,50.060031882069815
2016-09-21,50.08211239167193
2016-09-22,50.061940476857195
2016-09-23,50.06738885830352
2016-09-26,50.06751700669144
2016-09-27,50.08464234505836
2016-09-28,50.07913842018176
2016-09-29,50.055751609879415
2016-09-30,50.06759211574508
2016-10-03,50.04310616179704
2016-10-04,50.02861932154412
2016-10-05,50.03916313072326
2016-10-06,50.055737180672416
2016-10-07,50.06002439962696
2016-10-10,50.05484666272467
2016-10-11,50.0273972258171
2016-10-12,50.02154989948905
2016-10-13,50.0087411310261
2016-10-14,50.00460214845251
2016-10-17,49.992035180975776
2016-10-18,49.984963978335
2016-10-19,50.008598103607454
2016-10-20,49.973573030657754
2016-10-21,49.94215188895258
2016-10-24,49.94980099057585
2016-10-25,49.944830505063976
2016-10-26,49.93015801125428
2016-10-27,49.912316266167274
2016-10-28,49.91517820754019
2016-10-31,49.91927459471945
2016-11-01,49.93040267334757
2016-11-02,49.94922131168521
2016-11-03,49.94360483273802
2016-11-04,49.94525552165154
2016-11-07,49.94418885803386
2016-11-08,49.943795179577585
2016-11-09,49.940751402493824
2016-11-10,49.92379458828203
2016-11-11,49.927203436915626
2016-11-14,49.931012991530096
2016-11-15,49.93263419371263
2016-11-16,49.94607859822138
2016-11-17,49.955723372641046
2016-11-18,49.93088502235875
2016-11-21,49.917544998512646
2016-11-22,49.93198669777975
2016-11-23,49.92615446919688
2016-11-24,49.93018294822806
2016-11-25,49.926414834986836
2016-11-28,49.94411826429429
2016-11-29,49.946606308933525
2016-11-30,49.94823893733825
2016-12-01,49.92765996022542
2016-12-02,49.9050115863642
2016-12-05,49.89986230196093
2016-12-06,49.91334059834983
2016-12-07,49.90282878917686
2016-12-08,49.92320294648478
2016-12-09,49.91518608063051
2016-12-12,49.921346816732736
2016-12-13,49.9147384984542
2016-12-14,49.92145630681145
2016-12-15,49.94135900097439
2016-12-16,49.95514912465214
2016-12-19,49.97886741993085
2016-12-20,49.969062139770635
2016-12-21,49.95350801862919
2016-12-22,49.936589959926515
2016-12-23,49.933755764740745
2016-12-26,49.916104334003485
2016-12-27,49.903404515892774
2016-12-28,49.89310050344341
2016-12-29,49.93853299336132
2016-12-30,49.94197165859162
2017-01-02,49.94143635179041
2017-01-03,49.93296339848288
2017-01-04,49.91828393230246
2017-01-05,49.918644178583406
2017-01-06,49.90474154446391
2017-01-09,49.88304642213977
2017-01-10,49.86049583888217
2017-01-11,49.8847016995899
2017-01-12,49.875782387067105
2017-01-13,49.85288901461802
2017-01-16,49.84856700708306
2017-01-17,49.85840113120127
2017-01-18,49.85860005072981
2017-01-19,49.84309301297007
2017-01-20,49.84217231136192
2017-01-23,49.83428702793658
2017-01-24,49.84901903273057
2017-01-25,49.86983486143081
2017-01-26,49.87361364913333
2017-01-27,49.8479626012475
2017-01-30,49.845402680644625
2017-01-31,49.84704250448854
2017-02-01,49.839779748976895
2017-02-02,49.833102815499394
2017-02-03,49.83884979848028
2017-02-06,49.847439236670425
2017-02-07,49.86400565733135
2017-02-08,49.85388588336337
2017-02-09,49.85082287134737
2017-02-10,49.849333449689944
2017-02-13,49.85341350959049
2017-02-14,49.86112263179366
2017-02-15,49.86303781037832
2017-02-16,49.85591736057535
2017-02-17,49.86803395477707
2017-02-20,49.88306361630078
2017-02-21,49.906018674318
2017-02-22,49.91940989523609
2017-02-23,49.887957954659775
2017-02-24,49.87796826972069
2017-02-27,49.87897634170076
2017-02-28,49.881921493609426
2017-03-01,49.86398551753481
2017-03-02,49.85444105575081
2017-03-03,49.852277889534506
2017-03-06,49.859677320350904
2017-03-07,49.85125452037821
2017-03-08,49.85120403538406
2017-03-09,49.84153251197565
2017-03-10,49.84870775392388
2017-03-13,49.84787244770653
2017-03-14,49.87305096546427
2017-03-15,49.86718890123202
2017-03-16,49.852385350915924
2017-03-17,49.84555289460806
2017-03-20,49.839654027046286
2017-03-21,49.8664596896455
2017-03-22,49.885528438415925
2017-03-23,49.89012940985277
2017-03-24,49.88889456973791
2017-03-27,49.85827908860303
2017-03-28,49.847900826327134
2017-03-29,49.84841653725184
2017-03-30,49.840986952703076
2017-03-31,49.86731001118402
2017-04-03,49.880506840540065
2017-04-04,49.88414567923233
2017-04-05,49.896509559612
2017-04-06,49.88040251868453
2017-04-07,49.903486902005845
2017-04-10,49.93571144978336
2017-04-11,49.93353008969876
2017-04-12,49.94170260984494
2017-04-13,49.93925823544033
2017-04-14,49.93196813332934
2017-04-17,49.94037691758958
2017-04-18,49.95703571695971
2017-04-19,49.981002199951554
2017-04-20,50.007660127935836
2017-04-21,49.991313213481625
2017-04-24,49.98682125017715
2017-04-25,49.98587017696915
2017-04-26,49.98663301258369
2017-04-27,49.9557014078088
2017-04-28,49.95586702677964
2017-05-01,49.98114648712552
2017-05-02,49.956714671564654
2017-05-03,49.95473948976004
2017-05-04,49.950937401193876
2017-05-05,49.95686114500087
2017-05-08,49.95330825550224
2017-05-09,49.942933349747285
2017-05-10,49.95151225640331
2017-05-11,49.951481804574996
2017-05-12,49.96931589812524
2017-05-15,49.97801808322814
2017-05-16,49.989638576144856
2017-05-17,50.007135267449726
2017-05-18,49.98416398633991
2017-05-19,49.99495142183992
2017-05-22,49.9977709441276
2017-05-23,49.98370349295067
2017-05-24,49.9797831395622
2017-05-25,49.9684413119387
2017-05-26,49.961113062577105
2017-05-29,49.958272941756704
2017-05-30,49.95313043010513
2017-05-31,49.97802858975321
2017-06-01,49.972005660502994
2017-06-02,49.96951731722949
2017-06-05,49.958721852974335
2017-06-06,49.969637629868735
2017-06-07,49.977659574051394
2017-06-08,49.96954903583213
2017-06-09,49.954855267001406
2017-06-12,49.951925097426916
2017-06-13,49.9420328101137
2017-06-14,49.950822337172255
2017-06-15,49.92444061492465
2017-06-16,49.91828350998605
2017-06-19,49.94400678778763
2017-06-20,49.95237014909485
2017-06-21,49.936885387235776
2017-06-22,49.934253975190785
2017-06-23,49.94739805313919
2017-06-26,49.96214848796436
2017-06-27,49.94942279571889
2017-06-28,49.96332843269126
2017-06-29,49.957418339698215
2017-06-30,49.93934639456088
2017-07-03,49.95322238014348
2017-07-04,49.95173954765227
2017-07-05,49.950111048716565
2017-07-06,49.94656737625264
2017-07-07,49.94962163824006
2017-07-10,49.95387379469022
2017-07-11,49.93906121361368
2017-07-12,49.93076535745103
2017-07-13,49.91842270613614
2017-07-14,49.94151743879283
2017-07-17,49.930328439425125
2017-07-18,49.9398781324969
2017-07-19,49.95889822447704
2017-07-20,49.94888898821651
2017-07-21,49.94972968889342
2017-07-24,49.93666224378977
2017-07-25,49.93549385240282
2017-07-26,49.9284839890631
2017-07-27,49.940589453185055
2017-07-28,49.932250174810584
2017-07-31,49.93070163105021
2017-08-01,49.95705743195956
2017-08-02,49.94342896949239
2017-08-03,49.96226392829565
2017-08-04,49.962432430916124
2017-08-07,49.9705756707931
2017-08-08,49.96914278863487
2017-08-09,49.976320861885235
2017-08-10,49.98447035044075
2017-08-11,49.978449077503576
2017-08-14,49.97029280094131
2017-08-15,49.95569423399991
2017-08-16,49.949007420694784
2017-08-17,49.94255268733203
2017-08-18,49.94161124786158
2017-08-21,49.92848367315837
2017-08-22,49.92877972376737
2017-08-23,49.92806268129154
2017-08-24,49.929714712574295
2017-08-25,49.94725399794039
2017-08-28,49.947349487921116
2017-08-29,49.941086323618094
2017-08-30,49.94453158407446
2017-08-31,49.965133095489705
2017-09-01,49.971506963164146
2017-09-04,49.98680069215681
2017-09-05,49.96440885197125
2017-09-06,49.94813231470616
2017-09-07,49.93298891533847
2017-09-08,49.949984975919996
2017-09-11,49.93155647969695
2017-09-12,49.942412479462185
2017-09-13,49.94576038108833
2017-09-14,49.950542036735435
2017-09-15,49.96841926811043
2017-09-18,49.9822668740143
2017-09-19,50.01243727235915
2017-09-20,50.00209751675091
2017-09-21,50.02758083246135
2017-09-22,50.02304563484581
2017-09-25,50.01798784617952
2017-09-26,50.02228856963235
2017-09-27,50.007367229512475
2017-09-28,50.01118438500149
2017-09-29,50.0073161045574
2017-10-02,50.013942018438456
2017-10-03,50.02765971264958
2017-10-04,50.048400682156974
2017-10-05,50.03967460092477
2017-10-06,50.03482115680662
2017-10-09,50.049402115193146
2017-10-10,50.06656045114922
2017-10-11,50.08202727560941
2017-10-12,50.07685466245973
2017-10-13,50.07577227430432
2017-10-16,50.04289402149357
2017-10-17,50.038305752590226
2017-10-18,50.02365448509474
2017-10-19,50.03177531333234
2017-10-20,50.00819383891331
2017-10-23,49.99891853365554
2017-10-24,50.00013709590558
2017-10-25,50.0010542918254
2017-10-26,50.007516031600034
2017-10-27,49.99459783092071
2017-10-30,50.01314511954638
2017-10-31,50.02971339062907
2017-11-01,50.0370428567658
2017-11-02,50.04058184501816
2017-11-03,50.03238459862672
2017-11-06,50.007191192840466
2017-11-07,50.006919227649625
2017-11-08,50.0415391658728
2017-11-09,50.054946792299035
2017-11-10,50.053148149817105
2017-11-13,50.054096686332535
2017-11-14,50.07422510352513
2017-11-15,50.09041572748065
2017-11-16,50.0783867612464
2017-11-17,50.07223459997126
2017-11-20,50.084342309395026
2017-11-21,50.08278276478105
2017-11-22,50.09370020288811
2017-11-23,50.10797535360369
2017-11-24,50.086446627445135
2017-11-27,50.08208798982969
2017-11-28,50.08604930247035
2017-11-29,50.09482664963311
2017-11-30,50.097670041463495
2017-12-01,50.10819220497046
2017-12-04,50.12322167500694
2017-12-05,50.11849764357704
2017-12-06,50.12828537942431
2017-12-07,50.121929662432805
2017-12-08,50.11900669707368
2017-12-11,50.12505165634461
2017-12-12,50.12937198648129
2017-12-13,50.14055066275979
2017-12-14,50.14668411930023
2017-12-15,50.14518140647431
2017-12-18,50.16068289015092
2017-12-19,50.149583349836924
2017-12-20,50.17020923590552
2017-12-21,50.1857499858394
2017-12-22,50.182794057854046
2017-12-25,50.159914258073776
2017-12-26,50.17590981289021
2017-12-27,50.191249151807156
2017-12-28,50.18623268548436
2017-12-29,50.183804504825545
2018-01-01,50.164566630113555
2018-01-02,50.16401799384012
2018-01-03,50.16275632508725
2018-01-04,50.157738109194604
2018-01-05,50.145683768868174
2018-01-08,50.134413721669084
2018-01-09,50.155101941238954
2018-01-10,50.13233111757524
2018-01-11,50.09676060906676
2018-01-12,50.08135290062386
2018-01-15,50.08655994986502
2018-01-16,50.10059876083186
2018-01-17,50.08986322958055
2018-01-18,50.11747780752112
2018-01-19,50.122836494247395
2018-01-22,50.12474735597211
2018-01-23,50.12116624826264
2018-01-24,50.12796603330717
2018-01-25,50.13674456513533
2018-01-26,50.12962014316737
2018-01-29,50.13072507665633
2018-01-30,50.1063397359193
2018-01-31,50.105973893447505
2018-02-01,50.13425061156973
2018-02-02,50.156538077161485
2018-02-05,50.17697810049807
2018-02-06,50.169051293768995
2018-02-07,50.152483755971325
2018-02-08,50.14337585209397
2018-02-09,50.13296438143204
2018-02-12,50.13667854953965
2018-02-13,50.12491834893811
2018-02-14,50.1023702348721
2018-02-15,50.127747481845724
2018-02-16,50.13337957910093
2018-02-19,50.15571128516763
2018-02-20,50.135804021615314
2018-02-21,50.147944569314724
2018-02-22,50.13147049376174
2018-02-23,50.12695878350527
2018-02-26,50.116579700489766
2018-02-27,50.1080403897384
2018-02-28,50.13156983385242
2018-03-01,50.12318839366024
2018-03-02,50.13040445134714
2018-03-05,50.14257695557609
2018-03-06,50.12918353938127
2018-03-07,50.10928764340634
2018-03-08,50.11850534262786
2018-03-09,50.11106480783168
2018-03-12,50.10431831256515
2018-03-13,50.10620667321245
2018-03-14,50.099410189419615
2018-03-15,50.0830281188674
2018-03-16,50.09379112367927
2018-03-19,50.09533655096146
2018-03-20,50.09640439150754
2018-03-21,50.11282650370741
2018-03-22,50.1240987916273
2018-03-23,50.13203194884684
2018-03-26,50.14944120174207
2018-03-27,50.178863839804116
2018-03-28,50.144401464677486
2018-03-29,50.13883372281292
2018-03-30,50.15331880911961
2018-04-02,50.14312743709088
2018-04-03,50.14460712603216
2018-04-04,50.152815285116574
2018-04-05,50.14738248540023
2018-04-06,50.149583332179695
2018-04-09,50.142594945575254
2018-04-10,50.13758319575759
2018-04-11,50.138813219296196
2018-04-12,50.14277822812898
2018-04-13,50.12853558510949
2018-04-16,50.1220718881394
2018-04-17,50.12295950396652
2018-04-18,50.11744144462933
2018-04-19,50.11798361779257
2018-04-20,50.10434723544014
2018-04-23,50.09322693517509
2018-04-24,50.09667822755259
2018-04-25,50.08942991302722
2018-04-26,50.06813460231435
2018-04-27,50.062395544214226
2018-04-30,50.06869867930303
2018-05-01,50.06568837341641
2018-05-02,50.043280822149704
2018-05-03,50.04826156169754
2018-05-04,50.01553700269599
2018-05-07,50.01941081149367
2018-05-08,50.01657104375641
2018-05-09,50.0215324269034
2018-05-10,50.03516634985356
2018-05-11,50.03547141352546
2018-05-14,50.0413591589734
2018-05-15,50.036372404231216
2018-05-16,50.02661629382802
2018-05-17,50.04043025007338
2018-05-18,50.02729345394923
2018-05-21,50.021431958271776
2018-05-22,50.039951941939144
2018-05-23,50.0410063280285
2018-05-24,50.059834895283934
2018-05-25,50.05998741504758
2018-05-28,50.03011246813159
2018-05-29,50.026466321785236
2018-05-30,50.0417828249551
2018-05-31,50.0352991647305
2018-06-01,50.050448705692965
2018-06-04,50.043646110081255
2018-06-05,50.03582957022686
2018-06-06,50.061741589589246
2018-06-07,50.04447855739267
2018-06-08,50.078961647703416
2018-06-11,50.06123569021078
2018-06-12,50.04400824311233
2018-06-13,50.029361513858305
2018-06-14,50.034689236562166
2018-06-15,50.066818572855816
2018-06-18,50.089955494512495
2018-06-19,50.10328095605795
2018-06-20,50.109498165860366
2018-06-21,50.11963922819333
2018-06-22,50.1238555916069
2018-06-25,50.12504233853476
2018-06-26,50.121580037015605
2018-06-27,50.12162217128594
2018-06-28,50.106822793512194
2018-06-29,50.11122548953348
2018-07-02,50.10042898970909
2018-07-03,50.093014077618044
2018-07-04,50.0941822468535
2018-07-05,50.097430762495705
2018-07-06,50.1207182932557
2018-07-09,50.134452619341296
2018-07-10,50.1331953944095
2018-07-11,50.13925810042077
2018-07-12,50.14397934012448
2018-07-13,50.143703601894074
2018-07-16,50.12377958179212
2018-07-17,50.103784633625736
2018-07-18,50.08943282525631
2018-07-19,50.07470193622011
2018-07-20,50.06130233007186
2018-07-23,50.075728258490535
2018-07-24,50.106509392259625
2018-07-25,50.104466135189675
2018-07-26,50.09924880427859
2018-07-27,50.08824577389106
2018-07-30,50.08422656182084
2018-07-31,50.108912385919474
2018-08-01,50.11574866129879
2018-08-02,50.11059994958013
2018-08-03,50.10314247354712
2018-08-06,50.08510887677431
2018-08-07,50.0847535994374
2018-08-08,50.08045271593955
2018-08-09,50.08975165401434
2018-08-10,50.09167098845299
2018-08-13,50.11468040351987
2018-08-14,50.137391061677114
2018-08-15,50.148560462644035
2018-08-16,50.15073554907457
2018-08-17,50.13255117132254
2018-08-20,50.12628549074167
2018-08-21,50.122450579127744
2018-08-22,50.11663956764777
2018-08-23,50.129625057327466
2018-08-24,50.14073011315058
2018-08-27,50.15399817841151
2018-08-28,50.17792356586127
2018-08-29,50.19845433983508
2018-08-30,50.16361620134808
2018-08-31,50.169682400040585
2018-09-03,50.17094584727417
2018-09-04,50.16664209818505
2018-09-05,50.191441057330756
2018-09-06,50.19701436108922
2018-09-07,50.19354021736923
2018-09-10,50.171460688113996
2018-09-11,50.18163269778089
2018-09-12,50.18842392699718
2018-09-13,50.22192638672469
2018-09-14,50.22924725523974
2018-09-17,50.22451769733335
2018-09-18,50.20049993387375
2018-09-19,50.18459861314105
2018-09-20,50.1847699982071
2018-09-21,50.184035887585296
2018-09-24,50.20206218306158
2018-09-25,50.20570504062572
2018-09-26,50.19121100552176
2018-09-27,50.171251317172974
2018-09-28,50.17435310805391
2018-10-01,50.16945442612316
2018-10-02,50.160206742532445
2018-10-03,50.18577154747763
2018-10-04,50.19302031414948
2018-10-05,50.203842764331206
2018-10-08,50.23476505468889
2018-10-09,50.236273118275335
2018-10-10,50.22719294844697
2018-10-11,50.241840414576856
2018-10-12,50.234224400308754
2018-10-15,50.24636406306102
2018-10-16,50.21907309193929
2018-10-17,50.22920317460714
2018-10-18,50.22998664737852
2018-10-19,50.25458148339479
2018-10-22,50.26991811403642
2018-10-23,50.25532522898749
2018-10-24,50.25263610479253
2018-10-25,50.27778154660104
2018-10-26,50.27484391544793
2018-10-29,50.31000056963729
2018-10-30,50.31372601294423
2018-10-31,50.33842416586214
2018-11-01,50.344744672508305
2018-11-02,50.33546431824298
2018-11-05,50.351479468942834
2018-11-06,50.38349146629382
2018-11-07,50.38220186701546
2018-11-08,50.38909492569312
2018-11-09,50.4076494671662
2018-11-12,50.44859989467558
2018-11-13,50.47015032946353
2018-11-14,50.454437047046
2018-11-15,50.43735036022974
2018-11-16,50.42946384279478
2018-11-19,50.4379472033407
2018-11-20,50.468048087179525
2018-11-21,50.46768393833637
2018-11-22,50.47364499541592
2018-11-23,50.485025395034185
2018-11-26,50.47674638610469
2018-11-27,50.45938549607856
2018-11-28,50.456422507991235
2018-11-29,50.434749503085456
2018-11-30,50.4343505093287
2018-12-03,50.42749342277308
2018-12-04,50.43119189717555
2018-12-05,50.419169917449864
2018-12-06,50.423602511720496
2018-12-07,50.42748835737068
2018-12-10,50.446768908124
2018-12-11,50.449638433905264
2018-12-12,50.43656202182611
2018-12-13,50.43435815280552
2018-12-14,50.47750303861261
2018-12-17,50.499083578921244
2018-12-18,50.485252505642784
2018-12-19,50.48319085521362
2018-12-20,50.48924710284695
2018-12-21,50.49204834838316
2018-12-24,50.49733382488369
2018-12-25,50.49390947184801
2018-12-26,50.482984968577206
2018-12-27,50.48397504538799
2018-12-28,50.48320247451292
2018-12-31,50.498558469766415
2019-01-01,50.483463346232575
2019-01-02,50.47535122659977
2019-01-03,50.52409719596953
2019-01-04,50.51765750695678
2019-01-07,50.50834083508805
2019-01-08,50.52377069333941
2019-01-09,50.52609279112884
2019-01-10,50.51995287554473
2019-01-11,50.52277604677319
2019-01-14,50.53472369401842
2019-01-15,50.52405719157597
2019-01-16,50.512034825843564
2019-01-17,50.524954098032914
2019-01-18,50.520514346569634
2019-01-21,50.52698647201141
2019-01-22,50.51586126746925
2019-01-23,50.52703111170436
2019-01-24,50.532300239449214
2019-01-25,50.56574458908406
2019-01-28,50.54664785207882
2019-01-29,50.54163696304038
2019-01-30,50.55128126883298
2019-01-31,50.53972788128449
2019-02-01,50.55139986787064
2019-02-04,50.550503119960695
2019-02-05,50.54012806346756
2019-02-06,50.546205138697886
2019-02-07,50.542925359117476
2019-02-08,50.54227623887749
2019-02-11,50.53842918870063
2019-02-12,50.54083904114287
2019-02-13,50.54081282298442
2019-02-14,50.563708337785236
2019-02-15,50.55171568421288
2019-02-18,50.55241101220769
2019-02-19,50.548357310894836
2019-02-20,50.5275940756488
2019-02-21,50.52091431022223
2019-02-22,50.53549181150954
2019-02-25,50.53558017063186
2019-02-26,50.54098788304494
2019-02-27,50.55249896993827
2019-02-28,50.569814475289526
2019-03-01,50.56105036474278
2019-03-04,50.566363844257815
2019-03-05,50.57018729110871
2019-03-06,50.566627227793425
2019-03-07,50.57517498551472
2019-03-08,50.607741943527344
2019-03-11,50.62593201490706
2019-03-12,50.640786816843885
2019-03-13,50.652016554058655
2019-03-14,50.66780242859571
2019-03-15,50.666652533100105
2019-03-18,50.669756049364366
2019-03-19,50.67280706854764
2019-03-20,50.66761908232748
2019-03-21,50.6841819520304
2019-03-22,50.70421138384818
2019-03-25,50.73426390679491
2019-03-26,50.70890747758652
2019-03-27,50.692333434095815
2019-03-28,50.6741300977109
2019-03-29,50.68036326931853
2019-04-01,50.69616090197879
2019-04-02,50.709236829289644
2019-04-03,50.730236363437825
2019-04-04,50.71897955468571
2019-04-05,50.73356196928398
2019-04-08,50.72414602207051
2019-04-09,50.70375718237202
2019-04-10,50.69373058016569
2019-04-11,50.6854152321032
2019-04-12,50.69327844135247
2019-04-15,50.689672974443624
2019-04-16,50.68799823384821
2019-04-17,50.67725098910834
2019-04-18,50.6689890692449
2019-04-19,50.6684494929612
2019-04-22,50.67045595131051
2019-04-23,50.67552418672282
2019-04-24,50.65627786377555
2019-04-25,50.6648046780355
2019-04-26,50.66771964929747
2019-04-29,50.64889467339659
2019-04-30,50.65845390133772
2019-05-01,50.627247990456034
2019-05-02,50.61765730548745
2019-05-03,50.61381194524816
2019-05-06,50.60331555434525
2019-05-07,50.59365004247429
2019-05-08,50.63246504092343
2019-05-09,50.62656063388053
2019-05-10,50.619354517393326
2019-05-13,50.62676781520508
2019-05-14,50.627545902887036
2019-05-15,50.638941815705415
2019-05-16,50.650841778704525
2019-05-17,50.649484367739696
2019-05-20,50.661531099670384
2019-05-21,50.654134214852085
2019-05-22,50.64575378243723
2019-05-23,50.64775243512228
2019-05-24,50.63986931200622
2019-05-27,50.645216440632225
2019-05-28,50.65407915160749
2019-05-29,50.630788463319746
2019-05-30,50.63535318960577
2019-05-31,50.62259236343944
2019-06-03,50.6325681292217
2019-06-04,50.625754763774104
2019-06-05,50.64549546442849
2019-06-06,50.649826657221354
2019-06-07,50.65623405390372
2019-06-10,50.65832977031852
2019-06-11,50.646082875156644
2019-06-12,50.64972147464802
2019-06-13,50.63322143097545
2019-06-14,50.60949554434571
2019-06-17,50.61814579196425
2019-06-18,50.60480075377564
2019-06-19,50.60886051455588
2019-06-20,50.616299785758216
2019-06-21,50.6240501397352
2019-06-24,50.612601327679876
2019-06-25,50.618426029535286
2019-06-26,50.60244146901724
2019-06-27,50.623759913699246
2019-06-28,50.59186520739906
2019-07-01,50.60917316127376
2019-07-02,50.60610395802114
2019-07-03,50.589575810417685
2019-07-04,50.585837010703145
2019-07-05,50.5870449427647
2019-07-08,50.5777538870363
2019-07-09,50.58693939466788
2019-07-10,50.590291288912326
2019-07-11,50.58412450675637
2019-07-12,50.58574866596331
2019-07-15,50.576465477882294
2019-07-16,50.61305361424006
2019-07-17,50.64516258587543
2019-07-18,50.66848163383304
2019-07-19,50.678739673261404
2019-07-22,50.65593820027363
2019-07-23,50.633837858259035
2019-07-24,50.648598344884974
2019-07-25,50.64688743224496
2019-07-26,50.65714391407569
2019-07-29,50.66834041263091
2019-07-30,50.66098139638737
2019-07-31,50.65859320857081
2019-08-01,50.68983530977388
2019-08-02,50.68494791371106
2019-08-05,50.70425538315742
2019-08-06,50.70206524101789
2019-08-07,50.70436160615158
2019-08-08,50.703146450606894
2019-08-09,50.71765218971512
2019-08-12,50.70828758635113
2019-08-13,50.7125357381915
2019-08-14,50.68411540628528
2019-08-15,50.6764681520567
2019-08-16,50.67252630202962
2019-08-19,50.66845215775888
2019-08-20,50.656341724828366
2019-08-21,50.62416317400965
2019-08-22,50.63122531194817
2019-08-23,50.63215475387324
2019-08-26,50.63360189670997
2019-08-27,50.6455827257599
2019-08-28,50.622626986900926
2019-08-29,50.59321315077053
2019-08-30,50.611692309636666
2019-09-02,50.598364917726414
2019-09-03,50.60072133357586
2019-09-04,50.59111218712796
2019-09-05,50.57538545415648
2019-09-06,50.559697237140554
2019-09-09,50.548815761243695
2019-09-10,50.57065330701563
2019-09-11,50.60138896709962
2019-09-12,50.61245535276228
2019-09-13,50.63467002503581
2019-09-16,50.6374742756868
2019-09-17,50.61891529741975
2019-09-18,50.64434524559629
2019-09-19,50.654715891107756
2019-09-20,50.652347363121784
2019-09-23,50.646356027130544
2019-09-24,50.650670690346345
2019-09-25,50.63338663294859
2019-09-26,50.63881453236438
2019-09-27,50.64404626401542
2019-09-30,50.65129547173598
2019-10-01,50.63926969792158
2019-10-02,50.621608481540974
2019-10-03,50.63074432386291
2019-10-04,50.638508025783764
2019-10-07,50.618674198552995
2019-10-08,50.6150502997846
2019-10-09,50.60792268283955
2019-10-10,50.60074073775549
2019-10-11,50.60399970494692
2019-10-14,50.61806514107369
2019-10-15,50.65029947007369
2019-10-16,50.667623598701866
2019-10-17,50.675868917792855
2019-10-18,50.67671066199308
2019-10-21,50.661951152377604
2019-10-22,50.66387191167535
2019-10-23,50.661203196849954
2019-10-24,50.68641161793981
2019-10-25,50.7005342731657
2019-10-28,50.699805677039855
2019-10-29,50.70950247747295
2019-10-30,50.69568651112859
2019-10-31,50.67469549466681
2019-11-01,50.677293917292666
2019-11-04,50.68964983785776
2019-11-05,50.666264726349475
2019-11-06,50.68371097222286
2019-11-07,50.68238013892949
2019-11-08,50.69537549491588
2019-11-11,50.69249818683538
2019-11-12,50.718123872304
2019-11-13,50.71865761221905
2019-11-14,50.70775003686535
2019-11-15,50.714329150872175
2019-11-18,50.71642251811603
2019-11-19,50.709345299634535
2019-11-20,50.69785887759262
2019-11-21,50.714307690535286
2019-11-22,50.71309337206998
2019-11-25,50.72769491123732
2019-11-26,50.730557948171445
2019-11-27,50.73191916744715
2019-11-28,50.73124867725819
2019-11-29,50.74011556854849
2019-12-02,50.74956760282315
2019-12-03,50.74936871263399
2019-12-04,50.75874919562969
2019-12-05,50.780363824781276
2019-12-06,50.76184961847631
2019-12-09,50.76656111736299
2019-12-10,50.757164231300564
2019-12-11,50.745064149899704
2019-12-12,50.719917478832436
2019-12-13,50.725718485915294
2019-12-16,50.72198187996316
2019-12-17,50.72133052367536
2019-12-18,50.728619903093964
2019-12-19,50.73630956763767
2019-12-20,50.73840302493674
2019-12-23,50.7707448976645
2019-12-24,50.7658081142413
2019-12-25,50.760413637773915
2019-12-26,50.76441470053708
2019-12-27,50.748913171038
2019-12-30,50.737892571965
2019-12-31,50.73718097595211
2020-01-01,50.749073039030435
2020-01-02,50.745696812238315
2020-01-03,50.73861033557567
2020-01-06,50.730582225489776
2020-01-07,50.73892728225341
2020-01-08,50.74129240528604
2020-01-09,50.741336630486614
2020-01-10,50.72042962194517
2020-01-13,50.693958248654
2020-01-14,50.70813162335568
2020-01-15,50.705152607883704
2020-01-16,50.72412205530553
2020-01-17,50.726521679683884
2020-01-20,50.723856539300066
2020-01-21,50.73370208914681
2020-01-22,50.7238386380508
2020-01-23,50.72062430028721
2020-01-24,50.72732495938329
2020-01-27,50.72645646303819
2020-01-28,50.70958350940425
2020-01-29,50.69384248029968
2020-01-30,50.70784137507953
2020-01-31,50.705913288846475
2020-02-03,50.668419646182876
2020-02-04,50.68306480553548
2020-02-05,50.66071109680193
2020-02-06,50.667133178673176
2020-02-07,50.68635220654798
2020-02-10,50.66859994597964
2020-02-11,50.67345370012072
2020-02-12,50.66460163801061
2020-02-13,50.68793388934428
2020-02-14,50.69057971717816
2020-02-17,50.690739984544535
2020-02-18,50.665419096281155
2020-02-19,50.652680124542755
2020-02-20,50.63985696126405
2020-02-21,50.62727220405351
2020-02-24,50.63672372263743
2020-02-25,50.638531750367484
2020-02-26,50.65605261447344
2020-02-27,50.65330488687576
2020-02-28,50.650312635047655
2020-03-02,50.63383685796833
2020-03-03,50.6267396736235
2020-03-04,50.629538246603396
2020-03-05,50.639534707892885
2020-03-06,50.64316449670456
2020-03-09,50.64995889746041
2020-03-10,50.64186828319883
2020-03-11,50.63092462469972
2020-03-12,50.62329936040785
2020-03-13,50.597992770886876
2020-03-16,50.59191402904129
2020-03-17,50.586045021902656
2020-03-18,50.60572937120829
2020-03-19,50.596041842034666
2020-03-20,50.57789968893597
2020-03-23,50.60202587238346
2020-03-24,50.58891665163903
2020-03-25,50.599626303242026
2020-03-26,50.608328058785304
2020-03-27,50.58065398187156
2020-03-30,50.602105514186476
2020-03-31,50.601905814833614
2020-04-01,50.60916282571091
2020-04-02,50.604345339722066
2020-04-03,50.599264788644845
2020-04-06,50.61674300321895
2020-04-07,50.62165531989541
2020-04-08,50.63459917001817
2020-04-09,50.66560572995308
2020-04-10,50.683736155835405
2020-04-13,50.714813805547486
2020-04-14,50.71817875119508
2020-04-15,50.69659462814256
2020-04-16,50.666030856191185
2020-04-17,50.66733572928167
2020-04-20,50.645867755760754
2020-04-21,50.632161663040996
2020-04-22,50.61332379836357
2020-04-23,50.616041116296984
2020-04-24,50.6035940387241
2020-04-27,50.619285034779836
2020-04-28,50.6168683119341
2020-04-29,50.60495077214904
2020-04-30,50.59795794458332
2020-05-01,50.60404771345287
2020-05-04,50.606422514475945
2020-05-05,50.59633603232515
2020-05-06,50.5999484716784
2020-05-07,50.61678909638555
2020-05-08,50.61911247767433
2020-05-11,50.59935191346842
2020-05-12,50.594660443770174
2020-05-13,50.58252986788577
2020-05-14,50.55068153649953
2020-05-15,50.55140462042048
2020-05-18,50.54470048563822
2020-05-19,50.52466100552401
2020-05-20,50.5499410375678
2020-05-21,50.531652261921934
2020-05-22,50.50557999562985
2020-05-25,50.50278530565464
2020-05-26,50.513310563421975
2020-05-27,50.52423932785507
2020-05-28,50.545176436425514
2020-05-29,50.54485643462051
2020-06-01,50.5374948136587
2020-06-02,50.5209126766515
2020-06-03,50.53661994952193
2020-06-04,50.53948293447131
2020-06-05,50.54119476431259
2020-06-08,50.54996134518883
2020-06-09,50.528260851679924
2020-06-10,50.49528039238099
2020-06-11,50.49876588769613
2020-06-12,50.50491327546372
2020-06-15,50.47628612544076
2020-06-16,50.477597357090715
2020-06-17,50.46564321714449
2020-06-18,50.46281942034762
2020-06-19,50.46718414104502
2020-06-22,50.46576890157262
2020-06-23,50.458721661593735
2020-06-24,50.450104871585076
2020-06-25,50.43782387318818
2020-06-26,50.44780581511448
2020-06-29,50.444131881416155
2020-06-30,50.473384688022264
2020-07-01,50.50917995475262
2020-07-02,50.50779644527884
2020-07-03,50.513325476692
2020-07-06,50.533227792251296
2020-07-07,50.529551566561345
2020-07-08,50.52265144401304
2020-07-09,50.5250623407166
2020-07-10,50.52648629816981
2020-07-13,50.54090957843399
2020-07-14,50.56138557858309
2020-07-15,50.554005744987926
2020-07-16,50.553715223105264
2020-07-17,50.54069444775782
2020-07-20,50.51665507602888
2020-07-21,50.524723454680604
2020-07-22,50.54536076944871
2020-07-23,50.56292622424562
2020-07-24,50.56375435009366
2020-07-27,50.57537034360945
2020-07-28,50.57793699685478
2020-07-29,50.55809738956658
2020-07-30,50.56969674314478
2020-07-31,50.56357849413844
2020-08-03,50.542135426654525
2020-08-04,50.53907262924425
2020-08-05,50.55125946741707
2020-08-06,50.54718551871039
2020-08-07,50.53419747003264
2020-08-10,50.52980730861378
2020-08-11,50.53228127280696
2020-08-12,50.53771019432244
2020-08-13,50.56147260454954
2020-08-14,50.552228908201435
2020-08-17,50.57544637412234
2020-08-18,50.58105228565082
2020-08-19,50.56578857777966
2020-08-20,50.56432459207524
2020-08-21,50.572853090073224
2020-08-24,50.611149608859506
2020-08-25,50.61423180396001
2020-08-26,50.642687881125575
2020-08-27,50.63864207580305
2020-08-28,50.618034958028936
2020-08-31,50.61162151640573
2020-09-01,50.60427969729841
2020-09-02,50.61676038413135
2020-09-03,50.61091031310087
2020-09-04,50.60639747198927
2020-09-07,50.60659367630862
2020-09-08,50.60898101312138
2020-09-09,50.62316171784214
2020-09-10,50.64459873290131
2020-09-11,50.659317545785186
2020-09-14,50.635883943711356
2020-09-15,50.619077049409334
2020-09-16,50.61867005500176
2020-09-17,50.627808335162996
2020-09-18,50.59861374575632
2020-09-21,50.60024942623978
2020-09-22,50.62874741929641
2020-09-23,50.63100887717186
2020-09-24,50.635087135049965
2020-09-25,50.64279609493454
2020-09-28,50.63594321216947
2020-09-29,50.63453253648092
2020-09-30,50.60709342336453
2020-10-01,50.59851243462324
2020-10-02,50.60142062689843
2020-10-05,50.58293801018896
2020-10-06,50.60841712171771
2020-10-07,50.599028057198076
2020-10-08,50.5931493457528
2020-10-09,50.58950344435293
2020-10-12,50.58029886470235
2020-10-13,50.57208156550008
2020-10-14,50.57183779166496
2020-10-15,50.5567592171792
2020-10-16,50.56648069057521
2020-10-19,50.56145695633363
2020-10-20,50.55998453129644
2020-10-21,50.553754478139616
2020-10-22,50.57425392750539
2020-10-23,50.57499643521527
2020-10-26,50.581426995642026
2020-10-27,50.594411755374445
2020-10-28,50.576913308470516
2020-10-29,50.56593857634307
2020-10-30,50.56929637321798
2020-11-02,50.58513878823786
2020-11-03,50.60044072879112
2020-11-04,50.58536928939784
2020-11-05,50.58276252147843
2020-11-06,50.597551155668974
2020-11-09,50.59820515581177
2020-11-10,50.60128928932758
2020-11-11,50.601203132939744
2020-11-12,50.61529498799511
2020-11-13,50.60193633755811
2020-11-16,50.5958353185076
2020-11-17,50.60622398131915
2020-11-18,50.5759089425341
2020-11-19,50.57552484746262
2020-11-20,50.57643534872002
2020-11-23,50.59421588746735
2020-11-24,50.60273151195714
2020-11-25,50.62300719961256
2020-11-26,50.63684987597048
2020-11-27,50.641244236846745
2020-11-30,50.64478384902281
2020-12-01,50.64777386688261
2020-12-02,50.63881715354175
2020-12-03,50.63403451285493
2020-12-04,50.627864052457554
2020-12-07,50.626437705649565
2020-12-08,50.619392100890245
2020-12-09,50.615787794894885
2020-12-10,50.62417173826208
2020-12-11,50.61066452159624
2020-12-14,50.588567477036214
2020-12-15,50.59642044938874
2020-12-16,50.59586709701579
2020-12-17,50.58782588975029
2020-12-18,50.5825974760328
2020-12-21,50.576104131296844
2020-12-22,50.58881081753032
2020-12-23,50.576287663752055
2020-12-24,50.52627284177407
2020-12-25,50.51109373295576
2020-12-28,50.507483230069624
2020-12-29,50.508951295882206
2020-12-30,50.537382260289114
2020-12-31,50.54526212205906
2021-01-01,50.53582242158041
2021-01-04,50.52728810184504
2021-01-05,50.53713055411189
2021-01-06,50.51328996857437
2021-01-07,50.51507855584935
2021-01-08,50.49971880780225
2021-01-11,50.48826812667513
2021-01-12,50.48571653490879
2021-01-13,50.46876574344455
2021-01-14,50.45991624902957
2021-01-15,50.4617782522806
2021-01-18,50.47338584477429
2021-01-19,50.4774498276505
2021-01-20,50.461997806514596
2021-01-21,50.45152681550449
2021-01-22,50.44812303306976
2021-01-25,50.436934282414924
2021-01-26,50.42692312489594
2021-01-27,50.432056934265965
2021-01-28,50.44184347159257
2021-01-29,50.45726912402748
2021-02-01,50.441430515014815
2021-02-02,50.43619264824793
2021-02-03,50.43325226421636
2021-02-04,50.39784599679941
2021-02-05,50.392097592888526
2021-02-08,50.38213140936404
2021-02-09,50.392148212621514
2021-02-10,50.41687627745794
2021-02-11,50.40467602192645
2021-02-12,50.42042636834883
2021-02-15,50.442540896462404
2021-02-16,50.452972682703795
2021-02-17,50.45744055133137
2021-02-18,50.4504532842491
2021-02-19,50.43342918063083
2021-02-22,50.43644945262191
2021-02-23,50.42960967296108
2021-02-24,50.4284446812873
2021-02-25,50.4328681452838
2021-02-26,50.430728576378264
2021-03-01,50.42486507165901
2021-03-02,50.40262866825925
2021-03-03,50.39061034435502
2021-03-04,50.42066813585991
2021-03-05,50.429307646209196
2021-03-08,50.42744023195697
2021-03-09,50.406654332011435
2021-03-10,50.405526686472314
2021-03-11,50.41279729781327
2021-03-12,50.43140505414331
2021-03-15,50.42434962403501
2021-03-16,50.43210641097339
2021-03-17,50.43153015774912
2021-03-18,50.40227649827874
2021-03-19,50.37932824400802
2021-03-22,50.38233634564902
2021-03-23,50.3836929868827
2021-03-24,50.406786864231556
2021-03-25,50.40489665634223
2021-03-26,50.41796956848166
2021-03-29,50.418955301317865
2021-03-30,50.41723840049147
2021-03-31,50.39987375531079
2021-04-01,50.417430144383445
2021-04-02,50.386607639477184
2021-04-05,50.39820464927543
2021-04-06,50.37743938111903
2021-04-07,50.3735537448692
2021-04-08,50.36642432455748
2021-04-09,50.366730382480604
2021-04-12,50.38052165872213
2021-04-13,50.39515777376566
2021-04-14,50.370630943245764
2021-04-15,50.37535242496109
2021-04-16,50.36841822238728
2021-04-19,50.358914393118
2021-04-20,50.33742817505198
2021-04-21,50.324176990949894
2021-04-22,50.31318949049086
2021-04-23,50.30934531280041
2021-04-26,50.31114406653033
2021-04-27,50.31834870225145
2021-04-28,50.31188156285901
2021-04-29,50.30624768886553
2021-04-30,50.304907523076324
2021-05-03,50.30525352066638
2021-05-04,50.295650171135605
2021-05-05,50.27979600332536
2021-05-06,50.29775982574795
2021-05-07,50.285367680593446
2021-05-10,50.292161688025566
2021-05-11,50.27995265624379
2021-05-12,50.26981533036265
2021-05-13,50.286023194921604
2021-05-14,50.28288589874974
2021-05-17,50.2839113290966
2021-05-18,50.29812858119654
2021-05-19,50.32254603144149
2021-05-20,50.33883561021546
2021-05-21,50.3448515993954
2021-05-24,50.35527378287518
2021-05-25,50.35548561254242
2021-05-26,50.330839813182195
2021-05-27,50.33511558483316
2021-05-28,50.33981988896008
2021-05-31,50.334357060991806
2021-06-01,50.327500261269904
2021-06-02,50.36056442232635
2021-06-03,50.3482838492706
2021-06-04,50.3480236035955
2021-06-07,50.35718096752394
2021-06-08,50.3404254452389
2021-06-09,50.33589823740861
2021-06-10,50.343161526150816
2021-06-11,50.33170819892368
2021-06-14,50.316765285847865
2021-06-15,50.33297506046145
2021-06-16,50.34094471528273
2021-06-17,50.31330606923705
2021-06-18,50.30646023901373
2021-06-21,50.32874343531284
2021-06-22,50.30829485324112
2021-06-23,50.325016822442066
2021-06-24,50.32776193244946
2021-06-25,50.32601019111652
2021-06-28,50.30232106239906
2021-06-29,50.305574992738784
2021-06-30,50.301950792200735
2021-07-01,50.31183049610368
2021-07-02,50.31469463708357
2021-07-05,50.31051225714601
2021-07-06,50.328057743276666
2021-07-07,50.32491044713863
2021-07-08,50.33218817072428
2021-07-09,50.35050311675584
2021-07-12,50.347834278177864
2021-07-13,50.326262158042844
2021-07-14,50.34150714832506
2021-07-15,50.33560052936963
2021-07-16,50.344707233426476
2021-07-19,50.3387268625626
2021-07-20,50.32933092868825
2021-07-21,50.32406313994778
2021-07-22,50.3139943814012
2021-07-23,50.300128353680236
2021-07-26,50.30367207901101
2021-07-27,50.29673745165413
2021-07-28,50.32191709707021
2021-07-29,50.30853111795569
2021-07-30,50.3321992615307
2021-08-02,50.31482680799513
2021-08-03,50.31743948055916
2021-08-04,50.325785156285484
2021-08-05,50.33763025467481
2021-08-06,50.32796299758537
2021-08-09,50.317992987081524
2021-08-10,50.31060013541305
2021-08-11,50.30495179478188
2021-08-12,50.28643846212569
2021-08-13,50.290017641811325
2021-08-16,50.27383660205784
2021-08-17,50.27142293004378
2021-08-18,50.262185744965194
2021-08-19,50.26424266330523
2021-08-20,50.257451324016685
2021-08-23,50.272340435185235
2021-08-24,50.27263972440261
2021-08-25,50.25974758003012
2021-08-26,50.26082290954886
2021-08-27,50.27433748634877
2021-08-30,50.29459663463338
2021-08-31,50.30481475462017
2021-09-01,50.304480528132984
2021-09-02,50.304868996262044
2021-09-03,50.30405467618621
2021-09-06,50.30946967735811
2021-09-07,50.32592488629236
2021-09-08,50.308894549551255
2021-09-09,50.31766259993881
2021-09-10,50.2918546304396
2021-09-13,50.28807279920668
2021-09-14,50.28077465225502
2021-09-15,50.262540676633016
2021-09-16,50.263090630319056
2021-09-17,50.26458426166338
2021-09-20,50.28155078409213
2021-09-21,50.28221298801343
2021-09-22,50.29036672505967
2021-09-23,50.28114226673969
2021-09-24,50.27612766935881
2021-09-27,50.276232291630265
2021-09-28,50.272294777701966
2021-09-29,50.256493521473516
2021-09-30,50.26095148441956
2021-10-01,50.24547087904585
2021-10-04,50.22430924552388
2021-10-05,50.240149755112526
2021-10-06,50.21647246653556
2021-10-07,50.21909587028999
2021-10-08,50.26832304026269
2021-10-11,50.280222417900355
2021-10-12,50.27169517839191
2021-10-13,50.263606828307324
2021-10-14,50.267413495711786
2021-10-15,50.26900293128967
2021-10-18,50.27431753610722
2021-10-19,50.28430230415824
2021-10-20,50.28506676903142
2021-10-21,50.28448245262171
2021-10-22,50.27596963238751
2021-10-25,50.273880226822996
2021-10-26,50.26266426932239
2021-10-27,50.26573956018417
2021-10-28,50.26305584998691
2021-10-29,50.27820056115811
2021-11-01,50.267943141848264
2021-11-02,50.246871490863924
2021-11-03,50.25216979834433
2021-11-04,50.257285373368106
2021-11-05,50.27626453216379
2021-11-08,50.28711140491304
2021-11-09,50.27069641763746
2021-11-10,50.2764212428813
2021-11-11,50.2783157899642
2021-11-12,50.29172685594747
2021-11-15,50.309479819709445
2021-11-16,50.324510280234435
2021-11-17,50.31485372937337
2021-11-18,50.320790362668184
2021-11-19,50.304441012505045
2021-11-22,50.28184227651756
2021-11-23,50.29098386087965
2021-11-24,50.286819278181845
2021-11-25,50.31840882987743
2021-11-26,50.3047087686741
2021-11-29,50.34143942753603
2021-11-30,50.351952071436344
2021-12-01,50.37803266488999
2021-12-02,50.393309761763966
2021-12-03,50.40247226498711
2021-12-06,50.37766466406384
2021-12-07,50.380847080713345
2021-12-08,50.372351794978336
2021-12-09,50.34372871352838
2021-12-10,50.33955510081704
2021-12-13,50.33013970439109
2021-12-14,50.32929000588315
2021-12-15,50.319086264379436
2021-12-16,50.32492760721753
2021-12-17,50.304002387843404
2021-12-20,50.30023456376054
2021-12-21,50.305567147093214
2021-12-22,50.292428795965655
2021-12-23,50.28840637291771
2021-12-24,50.24644393090608
2021-12-27,50.22922952224229
2021-12-28,50.23385687457877
2021-12-29,50.23401880567857
2021-12-30,50.234193029355126
2021-12-31,50.233995504428215
2022-01-03,50.218986138417755
2022-01-04,50.227122208869105
2022-01-05,50.21813445862546
2022-01-06,50.223917907886424
2022-01-07,50.25170835912484
2022-01-10,50.24392728647001
2022-01-11,50.25621575984142
2022-01-12,50.25195092646771
2022-01-13,50.24136038998423
2022-01-14,50.24938764746927
2022-01-17,50.246714108718194
2022-01-18,50.25402341398252
2022-01-19,50.27977772826435
2022-01-20,50.27895943843762
2022-01-21,50.276397915865225
2022-01-24,50.28349727946368
2022-01-25,50.28669290220536
2022-01-26,50.29064401096901
2022-01-27,50.27407660123144
2022-01-28,50.26067124504918
2022-01-31,50.24979899249525
2022-02-01,50.266140548383234
2022-02-02,50.27757788160925
2022-02-03,50.295159608136274
2022-02-04,50.27354080120034
2022-02-07,50.28375300935971
2022-02-08,50.28809065173581
2022-02-09,50.31937426217103
2022-02-10,50.334518687999136
2022-02-11,50.33441469654775
2022-02-14,50.332962952030094
2022-02-15,50.338335301570226
2022-02-16,50.31949663031556
2022-02-17,50.299848656182334
2022-02-18,50.29653957683642
2022-02-21,50.30602780632713
2022-02-22,50.312230994862325
2022-02-23,50.3166878162328
2022-02-24,50.31485370950451
2022-02-25,50.3283281368234
2022-02-28,50.326769652155
2022-03-01,50.31567600725073
2022-03-02,50.2986603970325
2022-03-03,50.292380478602205
2022-03-04,50.276386582130456
2022-03-07,50.26495382391535
2022-03-08,50.24566089514822
2022-03-09,50.260525867087416
2022-03-10,50.248707270657974
2022-03-11,50.24159597574107
2022-03-14,50.24971874626457
2022-03-15,50.229556379456994
2022-03-16,50.214730419884724
2022-03-17,50.24139710041019
2022-03-18,50.229672685235265
2022-03-21,50.23716844332761
2022-03-22,50.264817002101616
2022-03-23,50.27386513882359
2022-03-24,50.28007730674766
2022-03-25,50.311639913640946
2022-03-28,50.30049389871845
2022-03-29,50.27565184314734
2022-03-30,50.26700511932227
2022-03-31,50.25681368231778
2022-04-01,50.25701539968578
2022-04-04,50.24865422141775
2022-04-05,50.26180529538058
2022-04-06,50.27101670239659
2022-04-07,50.253007431099704
2022-04-08,50.26485153548884
2022-04-11,50.26366140611862
2022-04-12,50.22956691630205
2022-04-13,50.239662060416165
2022-04-14,50.216860553680895
2022-04-15,50.23756924808113
2022-04-18,50.237469956811545
2022-04-19,50.234502456592985
2022-04-20,50.246158126950974
2022-04-21,50.247965044486634
2022-04-22,50.26292922551342
2022-04-25,50.2713047559294
2022-04-26,50.26662122803644
2022-04-27,50.28998068993324
2022-04-28,50.25794830592723
2022-04-29,50.24941420034444
2022-05-02,50.23563204572595
2022-05-03,50.23144330672841
2022-05-04,50.234027992553536
2022-05-05,50.234479852967155
2022-05-06,50.25296634580735
2022-05-09,50.25490546347629
2022-05-10,50.266664127420995
2022-05-11,50.257274480269594
2022-05-12,50.24726385718887
2022-05-13,50.25090616069869
2022-05-16,50.25103774740416
2022-05-17,50.26731386418825
2022-05-18,50.26072092907556
2022-05-19,50.27049665226326
2022-05-20,50.272462322247996
2022-05-23,50.29136210175004
2022-05-24,50.29104400182326
2022-05-25,50.29243834078507
2022-05-26,50.30836114475308
2022-05-27,50.28986985895314
2022-05-30,50.29813640146626
2022-05-31,50.29403864102194
2022-06-01,50.285110766037405
2022-06-02,50.29860325116306
2022-06-03,50.29404433796988
2022-06-06,50.30170429070386
2022-06-07,50.32587570224742
2022-06-08,50.342905392020846
2022-06-09,50.378651283573845
2022-06-10,50.36523794829658
2022-06-13,50.341061977192766
2022-06-14,50.34596954390422
2022-06-15,50.36296677132719
2022-06-16,50.36722358182308
2022-06-17,50.3323573977328
2022-06-20,50.33614932052222
2022-06-21,50.33614720712242
2022-06-22,50.34854773490352
2022-06-23,50.329117852132384
2022-06-24,50.34345469187789
2022-06-27,50.32338032538546
2022-06-28,50.30661497345816
2022-06-29,50.2706179015254
2022-06-30,50.29565435051073
2022-07-01,50.262610737255265
2022-07-04,50.27504882021673
2022-07-05,50.272928975983035
2022-07-06,50.26864451622395
2022-07-07,50.28739376047531
2022-07-08,50.2949483260954
2022-07-11,50.30345701264682
2022-07-12,50.33732964766
2022-07-13,50.35630156220355
2022-07-14,50.39520271719215
2022-07-15,50.37967347228879
2022-07-18,50.354962442632335
2022-07-19,50.356435347039444
2022-07-20,50.360312329044156
2022-07-21,50.3641456661931
2022-07-22,50.3737743700341
2022-07-25,50.37768129236863
2022-07-26,50.37554916989724
2022-07-27,50.3835395406
2022-07-28,50.381538716569366
2022-07-29,50.390893017827885
2022-08-01,50.40843999915784
2022-08-02,50.37659190552564
2022-08-03,50.37283955444895
2022-08-04,50.38220649449947
2022-08-05,50.36845740383624
2022-08-08,50.392372125323206
2022-08-09,50.406621434858884
2022-08-10,50.413587766764934
2022-08-11,50.39792753903187
2022-08-12,50.38786176349845
2022-08-15,50.384623039354246
2022-08-16,50.3981911000415
2022-08-17,50.40961242138519
2022-08-18,50.43284259750537
2022-08-19,50.431364893200296
2022-08-22,50.41730523781229
2022-08-23,50.41777028888982
2022-08-24,50.39945194216503
2022-08-25,50.416289556257404
2022-08-26,50.4033349198963
2022-08-29,50.41313650670075
2022-08-30,50.427576050996784
2022-08-31,50.416380167888406
2022-09-01,50.40204851967521
2022-09-02,50.37566564597935
2022-09-05,50.376708127623154
2022-09-06,50.38045413254752
2022-09-07,50.382101770406464
2022-09-08,50.38489329763487
2022-09-09,50.38112195140947
2022-09-12,50.35564949606914
2022-09-13,50.34680458313373
2022-09-14,50.32790291782723
2022-09-15,50.324117578519065
2022-09-16,50.31618674974362
2022-09-19,50.30253653852318
2022-09-20,50.2882478550814
2022-09-21,50.2770653419682
2022-09-22,50.25911064318139
2022-09-23,50.26578344525593
2022-09-26,50.28235357224032
2022-09-27,50.275317458495486
2022-09-28,50.2814646704833
2022-09-29,50.29553967441478
2022-09-30,50.32087171102904
2022-10-03,50.30701375960629
2022-10-04,50.31535631528538
2022-10-05,50.307329041430684
2022-10-06,50.314715974829355
2022-10-07,50.31420344350575
2022-10-10,50.325223215413956
2022-10-11,50.30705185117954
2022-10-12,50.30131275923207
2022-10-13,50.31013727701193
2022-10-14,50.30978484261731
2022-10-17,50.304833050920784
2022-10-18,50.284152051675214
2022-10-19,50.28537673025728
2022-10-20,50.29449356222558
2022-10-21,50.30650659688314
2022-10-24,50.31124873390668
2022-10-25,50.31218881050646
2022-10-26,50.28509419548292
2022-10-27,50.30651467026959
2022-10-28,50.27916794042927
2022-10-31,50.27131265861487
2022-11-01,50.281236111925615
2022-11-02,50.29014213403789
2022-11-03,50.27226092545648
2022-11-04,50.27616248425793
2022-11-07,50.289286914552
2022-11-08,50.29581739065002
2022-11-09,50.31413383565394
2022-11-10,50.31593525262804
2022-11-11,50.33327716360372
2022-11-14,50.32585361203568
2022-11-15,50.31921936465824
2022-11-16,50.32837433114467
2022-11-17,50.333880013797774
2022-11-18,50.349845480948694
2022-11-21,50.37192367180633
2022-11-22,50.339782112746796
2022-11-23,50.34836426342135
2022-11-24,50.32526870360082
2022-11-25,50.306282926578106
2022-11-28,50.290547407349464
2022-11-29,50.28453552715333
2022-11-30,50.28077504701547
2022-12-01,50.26580726432903
2022-12-02,50.28361165085362
2022-12-05,50.286033432225636
2022-12-06,50.266883300244146
2022-12-07,50.25556513387369
2022-12-08,50.252177314690215
2022-12-09,50.27360270453017
2022-12-12,50.262651840857124
2022-12-13,50.24775704804918
2022-12-14,50.281584926646936
2022-12-15,50.27627105379131
2022-12-16,50.26993744898332
2022-12-19,50.26809255403815
2022-12-20,50.25923236463103
2022-12-21,50.26359770603118
2022-12-22,50.263893414919345
2022-12-23,50.26275646197598
2022-12-26,50.26518543691922
2022-12-27,50.27057843326966
2022-12-28,50.23604071115085
2022-12-29,50.21538354881537
2022-12-30,50.221539530064334
2023-01-02,50.233368363830174
2023-01-03,50.212735073501484
2023-01-04,50.230590325225265
2023-01-05,50.21800028498325
2023-01-06,50.2047808713898
2023-01-09,50.19568049663362
2023-01-10,50.18255072903463
2023-01-11,50.18418387738519
2023-01-12,50.20957284381852
2023-01-13,50.205461061223346
2023-01-16,50.18394374210608
2023-01-17,50.19522107269318
2023-01-18,50.194551208597076
2023-01-19,50.20502803850795
2023-01-20,50.19350026886072
2023-01-23,50.19991063180754
2023-01-24,50.19019807613523
2023-01-25,50.18344097826455
2023-01-26,50.173769319088926
2023-01-27,50.17680646076739
2023-01-30,50.15163575667439
2023-01-31,50.13039773532502
2023-02-01,50.12429057358061
2023-02-02,50.11820036465243
2023-02-03,50.12149678808208
2023-02-06,50.093119032927994
2023-02-07,50.11473782384596
2023-02-08,50.12666130276118
2023-02-09,50.12147761956078
2023-02-10,50.139287543042094
2023-02-13,50.15870697981109
2023-02-14,50.129683890753235
2023-02-15,50.13474358673128
2023-02-16,50.15398605201743
2023-02-17,50.1527225606311
2023-02-20,50.15151832519373
2023-02-21,50.142829629995795
2023-02-22,50.14974872718419
2023-02-23,50.15144377741241
2023-02-24,50.148804248014784
2023-02-27,50.16868886824205
2023-02-28,50.162419592668606
2023-03-01,50.15073338523061
2023-03-02,50.17734311207637
2023-03-03,50.17579974134984
2023-03-06,50.17109907529397
2023-03-07,50.17835880199949
2023-03-08,50.18173551656258
2023-03-09,50.163382422208414
2023-03-10,50.180224691295486
2023-03-13,50.18290853578142
2023-03-14,50.18261180016953
2023-03-15,50.18710085575382
2023-03-16,50.175479102103985
2023-03-17,50.17199773608744
2023-03-20,50.17837590259137
2023-03-21,50.18709524376515
2023-03-22,50.17856793435212
2023-03-23,50.18052998067654
2023-03-24,50.17942397623434
2023-03-27,50.19230754715879
2023-03-28,50.197511879636316
2023-03-29,50.202370423485355
2023-03-30,50.21210098534296
2023-03-31,50.21761979899196
2023-04-03,50.199861363225324
2023-04-04,50.22944105834926
2023-04-05,50.22535734232019
2023-04-06,50.22430793792669
2023-04-07,50.224074454466766
2023-04-10,50.20457481603985
2023-04-11,50.19661773393841
2023-04-12,50.20320318272066
2023-04-13,50.201454067775934
2023-04-14,50.19943724559994
2023-04-17,50.205206422538225
2023-04-18,50.1935271621336
2023-04-19,50.18579605980045
2023-04-20,50.21015428630855
2023-04-21,50.200705115960574
2023-04-24,50.19715121945359
2023-04-25,50.183131662359465
2023-04-26,50.20185239488038
2023-04-27,50.2060739354398
2023-04-28,50.216420588119576
2023-05-01,50.21294854841607
2023-05-02,50.21249391845524
2023-05-03,50.21195908455823
2023-05-04,50.20147600701328
2023-05-05,50.17724462016662
2023-05-08,50.1961013397065
2023-05-09,50.20893248868369
2023-05-10,50.22753577381632
2023-05-11,50.208794818930635
2023-05-12,50.2096358486133
2023-05-15,50.214581763935676
2023-05-16,50.223550940458104
2023-05-17,50.24272591534018
2023-05-18,50.242752611794245
2023-05-19,50.266392772263856
2023-05-22,50.23981847633256
2023-05-23,50.247332262170715
2023-05-24,50.23332521722094
2023-05-25,50.24259199621081
2023-05-26,50.26524001889717
2023-05-29,50.256612270446475
2023-05-30,50.276861775283386
2023-05-31,50.27812862925509
2023-06-01,50.30454971918184
2023-06-02,50.314397426756436
2023-06-05,50.308569645031234
2023-06-06,50.31086808088446
2023-06-07,50.301370728393984
2023-06-08,50.31198966079091
2023-06-09,50.3021270894143
2023-06-12,50.29717765253822
2023-06-13,50.25810674188858
2023-06-14,50.24637413414597
2023-06-15,50.2350531978569
2023-06-16,50.25251011066595
2023-06-19,50.2646323657114
2023-06-20,50.26989179017055
2023-06-21,50.273540118787686
2023-06-22,50.28671830967685
2023-06-23,50.28715688854926
2023-06-26,50.30952299930643
2023-06-27,50.31547342511435
2023-06-28,50.30893996311732
2023-06-29,50.32110890186681
2023-06-30,50.32173549052132
2023-07-03,50.336996912024844
2023-07-04,50.35691677164403
2023-07-05,50.33478391123024
2023-07-06,50.335449331429174
2023-07-07,50.34757011614851
2023-07-10,50.32577013065355
2023-07-11,50.321792626516974
2023-07-12,50.31116238875936
2023-07-13,50.32304853436916
2023-07-14,50.309698169508856
2023-07-17,50.308236127091085
2023-07-18,50.29225556472847
2023-07-19,50.31021184799998
2023-07-20,50.316034340014994
2023-07-21,50.313822674940184
2023-07-24,50.29262487643428
2023-07-25,50.29392416712614
2023-07-26,50.30407911493985
2023-07-27,50.304838756395476
2023-07-28,50.307973741164
2023-07-31,50.311856237022454
2023-08-01,50.28679875582518
2023-08-02,50.27060075659029
2023-08-03,50.25705977176568
2023-08-04,50.26594017905103
2023-08-07,50.26910901141138
2023-08-08,50.25998669118251
2023-08-09,50.24130730724828
2023-08-10,50.25194283652868
2023-08-11,50.24949752831528
2023-08-14,50.21220014314878
2023-08-15,50.19457486088717
2023-08-16,50.222235282792276
2023-08-17,50.22485175769213
2023-08-18,50.20556436559377
2023-08-21,50.22564716274678
2023-08-22,50.226875933993135
2023-08-23,50.24256736250306
2023-08-24,50.230546036333116
2023-08-25,50.25707517105224
2023-08-28,50.2558947882672
2023-08-29,50.25195845256775
2023-08-30,50.24238922852584
2023-08-31,50.23725868330751
2023-09-01,50.22767941328327
2023-09-04,50.254733088336295
2023-09-05,50.24724022812842
2023-09-06,50.26157311740099
2023-09-07,50.27192870242943
2023-09-08,50.26685728354075
2023-09-11,50.253607956205244
2023-09-12,50.2530072350222
2023-09-13,50.269214159160235
2023-09-14,50.27870069708069
2023-09-15,50.29627245804811
2023-09-18,50.31228398081307
2023-09-19,50.30002274004994
2023-09-20,50.30013078575534
2023-09-21,50.32202040733577
2023-09-22,50.29440185502131
2023-09-25,50.29430042709122
2023-09-26,50.297781412573464
2023-09-27,50.31136399488158
2023-09-28,50.31763038932404
2023-09-29,50.301516334247594
2023-10-02,50.298993880616024
2023-10-03,50.312730282274686
2023-10-04,50.335281623061064
2023-10-05,50.3467050640247
2023-10-06,50.3393388572299
2023-10-09,50.33028083007052
2023-10-10,50.32087071213879
2023-10-11,50.30167000106924
2023-10-12,50.294174767162765
2023-10-13,50.29906571108516
2023-10-16,50.31911769924631
2023-10-17,50.31834546774821
2023-10-18,50.32221233370059
2023-10-19,50.32943138665489
2023-10-20,50.33434557256011
2023-10-23,50.35537588415714
2023-10-24,50.370431643641744
2023-10-25,50.36374129017836
2023-10-26,50.32792830537963
2023-10-27,50.30872428349725
2023-10-30,50.3145834229832
2023-10-31,50.31678264269004
2023-11-01,50.32565692126476
2023-11-02,50.317034766777994
2023-11-03,50.332374558672434
2023-11-06,50.346410773498775
2023-11-07,50.360007798194914
2023-11-08,50.34763482033174
2023-11-09,50.333310124271826
2023-11-10,50.33178440008142
2023-11-13,50.31868813336529
2023-11-14,50.31588822496572
2023-11-15,50.296727077165485
2023-11-16,50.320604779335426
2023-11-17,50.30872427474884
2023-11-20,50.30302834340037
2023-11-21,50.2855376281385
2023-11-22,50.29193684732256
2023-11-23,50.30881235567834
2023-11-24,50.344197014017865
2023-11-27,50.328312689240875
2023-11-28,50.363448395681786
2023-11-29,50.38198941960713
2023-11-30,50.37979871787434
2023-12-01,50.373749217652545
2023-12-04,50.37491147526871
2023-12-05,50.38209742842562
2023-12-06,50.40919383236278
2023-12-07,50.40379331695402
2023-12-08,50.414109707920844
2023-12-11,50.41613457382332
2023-12-12,50.426353775340225
2023-12-13,50.42863518449878
2023-12-14,50.44568203244611
2023-12-15,50.443590140760726
2023-12-18,50.456932294581854
2023-12-19,50.44610237198678
2023-12-20,50.437455327986605
2023-12-21,50.45404758697182
2023-12-22,50.4396355221023
2023-12-25,50.45057563882532
2023-12-26,50.44893556292729
2023-12-27,50.43009710219218
2023-12-28,50.47166703685765
2023-12-29,50.451796248217036
2024-01-01,50.45092564808213
2024-01-02,50.44463361951334
2024-01-03,50.433382671200725
2024-01-04,50.446351850681594
2024-01-05,50.44394857209711
2024-01-08,50.43480479653769
2024-01-09,50.45079510386717
2024-01-10,50.454384877146886
2024-01-11,50.44033522672399
2024-01-12,50.4378735131929
2024-01-15,50.40714969401325
2024-01-16,50.410320173155924
2024-01-17,50.41135693474234
2024-01-18,50.43042812431009
2024-01-19,50.43739545009549
2024-01-22,50.42773846436452
2024-01-23,50.414107035853796
2024-01-24,50.42290455279277
2024-01-25,50.39769338147631
2024-01-26,50.40139888347006
2024-01-29,50.40500659991814
2024-01-30,50.44071077329997
2024-01-31,50.421210576882665
2024-02-01,50.41632643093769
2024-02-02,50.43941570271503
2024-02-05,50.44263447041595
2024-02-06,50.45207631532352
2024-02-07,50.45813011813905
2024-02-08,50.455353384365964
2024-02-09,50.44510811603077
2024-02-12,50.444171000158036
2024-02-13,50.45973881311771
2024-02-14,50.45635275319237
2024-02-15,50.44873976630805
2024-02-16,50.43792943832563
2024-02-19,50.41489007945335
2024-02-20,50.40318523281404
2024-02-21,50.40798819336119
2024-02-22,50.39481197393293
2024-02-23,50.3957666073484
2024-02-26,50.38890072603285
2024-02-27,50.373710154796214
2024-02-28,50.376433604808454
2024-02-29,50.41796647742898
2024-03-01,50.3854434781602
2024-03-04,50.36724304175422
2024-03-05,50.36064067542436
2024-03-06,50.358502540370566
2024-03-07,50.358618351879855
2024-03-08,50.39471777498118
2024-03-11,50.41978693081799
2024-03-12,50.418747290143045
2024-03-13,50.4237700679584
2024-03-14,50.45399804729715
2024-03-15,50.4474733275831
2024-03-18,50.44944826311244
2024-03-19,50.44636880811783
2024-03-20,50.42853803393613
2024-03-21,50.40377240919423
2024-03-22,50.39452829285347
2024-03-25,50.40627570283448
2024-03-26,50.411075246694296
2024-03-27,50.438150787897435
2024-03-28,50.44981665224521
2024-03-29,50.46108625782085
2024-04-01,50.46019083161164
2024-04-02,50.45691208646233
2024-04-03,50.45823080582211
2024-04-04,50.46371060422241
2024-04-05,50.45878892422736
2024-04-08,50.46203932331113
2024-04-09,50.45760418736241
2024-04-10,50.4598878120772
2024-04-11,50.44923447819115
2024-04-12,50.45683022213537
2024-04-15,50.47625805102665
2024-04-16,50.467526061017836
2024-04-17,50.47917285326921
2024-04-18,50.47488561378621
2024-04-19,50.47905644358781
2024-04-22,50.487737019449085
2024-04-23,50.49501300918541
2024-04-24,50.50197459602006
2024-04-25,50.49093290782579
2024-04-26,50.49692266494525
2024-04-29,50.485419496915604
2024-04-30,50.46827274589102
2024-05-01,50.45771152336009
2024-05-02,50.45385524260953
2024-05-03,50.46485009192989
2024-05-06,50.42874498123577
2024-05-07,50.432327824553724
2024-05-08,50.43354379840319
2024-05-09,50.45233318504164
2024-05-10,50.44441820260292
2024-05-13,50.46031368955147
2024-05-14,50.47533469517462
2024-05-15,50.47163015619204
2024-05-16,50.475072372919065
2024-05-17,50.46343450565409
2024-05-20,50.463941788727844
2024-05-21,50.451215906995905
2024-05-22,50.47880824645761
2024-05-23,50.44938923137184
2024-05-24,50.45386319091361
2024-05-27,50.4716590991527
2024-05-28,50.44789225448112
2024-05-29,50.45966350260333
2024-05-30,50.4452362364296
2024-05-31,50.4307091648005
2024-06-03,50.43968513253237
2024-06-04,50.44862719642477
2024-06-05,50.45961109169072
2024-06-06,50.47822341224219
2024-06-07,50.500231330628814
2024-06-10,50.48515290769228
2024-06-11,50.49010103290443
2024-06-12,50.497841013468715
2024-06-13,50.533938118300355
2024-06-14,50.537192266207924
2024-06-17,50.50544665168885
2024-06-18,50.484885043955884
2024-06-19,50.481912408974445
2024-06-20,50.47199874055269
2024-06-21,50.50259359706511
2024-06-24,50.48644223656557
2024-06-25,50.46829159468187
2024-06-26,50.45816602736783
2024-06-27,50.450521816831085
2024-06-28,50.4153753166953
2024-07-01,50.43235228849006
2024-07-02,50.422985722055444
2024-07-03,50.42450223100224
2024-07-04,50.41678198702636
2024-07-05,50.4306343894649
2024-07-08,50.43628655837187
2024-07-09,50.42911503367421
2024-07-10,50.415615503305524
2024-07-11,50.41496230620473
2024-07-12,50.387683491714384
2024-07-15,50.38827679616086
2024-07-16,50.388365051869286
2024-07-17,50.39400752170262
2024-07-18,50.39458135652677
2024-07-19,50.376575588395795
2024-07-22,50.40122200640601
2024-07-23,50.413417873413756
2024-07-24,50.40829912303333
2024-07-25,50.40392863998841
2024-07-26,50.4112288381623
2024-07-29,50.37250255384372
2024-07-30,50.36729676188705
2024-07-31,50.36256850809946
2024-08-01,50.36974755541621
2024-08-02,50.36770925965039
2024-08-05,50.351687456395474
2024-08-06,50.32646630765627
2024-08-07,50.32088925201592
2024-08-08,50.32793862456775
2024-08-09,50.33480605720815
2024-08-12,50.33838599478288
2024-08-13,50.34011095774294
2024-08-14,50.34709012947697
2024-08-15,50.33715336723681
2024-08-16,50.354836557007175
2024-08-19,50.31835324737173
2024-08-20,50.29724970021889
2024-08-21,50.27974041219959
2024-08-22,50.30174025994862
2024-08-23,50.32501710318913
2024-08-26,50.33940465906323
2024-08-27,50.35360752011562
2024-08-28,50.35454746036802
2024-08-29,50.34821312723924
2024-08-30,50.3643759084138
2024-09-02,50.37411628103352
2024-09-03,50.3698777759641
2024-09-04,50.38046302158059
2024-09-05,50.36912189942389
2024-09-06,50.36637360241006
2024-09-09,50.37834735079643
2024-09-10,50.377142121649996
2024-09-11,50.36339677938825
2024-09-12,50.352726602373245
2024-09-13,50.35707157339439
2024-09-16,50.3407961928405
2024-09-17,50.30354539818256
2024-09-18,50.32046294551967
2024-09-19,50.31378329503292
2024-09-20,50.303446125066046
2024-09-23,50.29315254333141
2024-09-24,50.26912957921404
2024-09-25,50.264477915704134
2024-09-26,50.26020992741075
2024-09-27,50.26271706668696
2024-09-30,50.24044924907786
2024-10-01,50.2298513612797
2024-10-02,50.24322060401073
2024-10-03,50.23750171771268
2024-10-04,50.217201519131265
2024-10-07,50.19968462839439
2024-10-08,50.18749249102857
2024-10-09,50.20340507516278
2024-10-10,50.19758451546853
2024-10-11,50.1943405233774
2024-10-14,50.17647488737795
2024-10-15,50.16205602290606
2024-10-16,50.18749451215671
2024-10-17,50.19532223476687
2024-10-18,50.19418932092312
2024-10-21,50.2120912989078
2024-10-22,50.21065161041147
2024-10-23,50.21287179768403
2024-10-24,50.20973519936941
2024-10-25,50.20447226141506
2024-10-28,50.20185779469585
2024-10-29,50.21862899587352
2024-10-30,50.226102681565486
2024-10-31,50.22423237362101
2024-11-01,50.23426130607814
2024-11-04,50.233063596026746
2024-11-05,50.23634657721289
2024-11-06,50.2329341315444
2024-11-07,50.23018435327288
2024-11-08,50.25025336544549
2024-11-11,50.244044702935675
2024-11-12,50.22695342445532
2024-11-13,50.216680008158654
2024-11-14,50.20940576755046
2024-11-15,50.227933879789795
2024-11-18,50.227014146712875
2024-11-19,50.21750633008489
2024-11-20,50.19178634210061
2024-11-21,50.21161124798551
2024-11-22,50.18324732919982
2024-11-25,50.19852815806255
2024-11-26,50.212907459533476
2024-11-27,50.20058802929473
2024-11-28,50.19665794863511
2024-11-29,50.193762583117646
2024-12-02,50.19233869058004
2024-12-03,50.18105791645706
2024-12-04,50.1701175391598
2024-12-05,50.16707115659975
2024-12-06,50.140088475390165
2024-12-09,50.130302814259146
2024-12-10,50.13691174384936
2024-12-11,50.13901811543946
2024-12-12,50.147826653899635
2024-12-13,50.13391781232707
2024-12-16,50.13104153093161
2024-12-17,50.14611330766979
2024-12-18,50.1495548161005
2024-12-19,50.12044482052971
2024-12-20,50.12746455969033
2024-12-23,50.11974868386965
2024-12-24,50.11023687700904
2024-12-25,50.09146318794491
2024-12-26,50.07894553818841
2024-12-27,50.080889629465624
2024-12-30,50.080351850761005
2024-12-31,50.0936967804869
2025-01-01,50.06167935792629
2025-01-02,50.03164101264298
2025-01-03,50.04086699638623
2025-01-06,50.01879381317075
2025-01-07,50.016123366639064
2025-01-08,50.03785516014277
2025-01-09,50.02871869381751
2025-01-10,50.05604821519031
2025-01-13,50.06739910897262
2025-01-14,50.064030495650925
2025-01-15,50.05193848835729
2025-01-16,50.055438764513354
2025-01-17,50.04829140420275
2025-01-20,50.040767781672464
2025-01-21,50.04914936086028
2025-01-22,50.053850239951124
2025-01-23,50.075579676063604
2025-01-24,50.07037612161986
2025-01-27,50.06787972116402
2025-01-28,50.08697407170986
2025-01-29,50.09300434162848
2025-01-30,50.07857930032061
2025-01-31,50.06421136962707
2025-02-03,50.05050190846815
2025-02-04,50.02814762022454
2025-02-05,50.01286718187013
2025-02-06,50.00560784720053
2025-02-07,49.982321435893205
2025-02-10,50.01272792145598
2025-02-11,50.00559377052263
2025-02-12,49.989513880739096
2025-02-13,49.993819255090706
2025-02-14,50.003920078081485
2025-02-17,49.999290832242316
2025-02-18,49.981142790968846
2025-02-19,50.0022667294363
2025-02-20,50.023544689613836
2025-02-21,50.022708875692345
2025-02-24,50.006939454156864
2025-02-25,50.01103168873342
2025-02-26,49.98450989796407
2025-02-27,50.00357838729011
2025-02-28,50.01837577125987
2025-03-03,50.024732424318344
2025-03-04,50.00971549989388
2025-03-05,50.02578081109107
2025-03-06,50.02436229042585
2025-03-07,50.01916875717432
2025-03-10,50.027537801104565
2025-03-11,50.01750409891664
2025-03-12,50.01820616118351
2025-03-13,50.01610548434896
2025-03-14,50.00792357904944
2025-03-17,49.975390127082754
2025-03-18,49.96315110947299
2025-03-19,49.97751596309194
2025-03-20,49.96921117820456
2025-03-21,50.01455976410516
2025-03-24,50.03872826447348
2025-03-25,50.036505442166835
2025-03-26,50.04224207868238
2025-03-27,50.08288047464657
2025-03-28,50.07854773166376
2025-03-31,50.07366485149634
2025-04-01,50.07242738602683
2025-04-02,50.07531183264567
2025-04-03,50.06759122569434
2025-04-04,50.06045854016094
2025-04-07,50.08093568278915
2025-04-08,50.081848596131756
2025-04-09,50.073537316134164
2025-04-10,50.07950836131066
2025-04-11,50.08478946276025
2025-04-14,50.0766534026812
2025-04-15,50.06909137779854
2025-04-16,50.07072806976248
2025-04-17,50.07324623394917
2025-04-18,50.09522493302823
2025-04-21,50.0820164759227
2025-04-22,50.07426344681116
2025-04-23,50.0795824896658
2025-04-24,50.08625155992227
2025-04-25,50.05985879230324
2025-04-28,50.063704128930944
2025-04-29,50.051915878829355
2025-04-30,50.06353386485396
2025-05-01,50.0524775260179
2025-05-02,50.049350757731865
2025-05-05,50.051901733097154
2025-05-06,50.05636538379118
2025-05-07,50.05397181214189
2025-05-08,50.049305257917474
2025-05-09,50.036346038508185
2025-05-12,50.02789636281683
2025-05-13,50.0089507507036
2025-05-14,50.03084400938269
2025-05-15,50.03255399580785
2025-05-16,50.010990282682414
2025-05-19,50.01997365447278
2025-05-20,49.99827625140296
2025-05-21,49.98614989194107
2025-05-22,49.98595958163986
2025-05-23,49.9721135245477
2025-05-26,49.96869988129807
2025-05-27,49.97568936984442
2025-05-28,49.95009064797243
2025-05-29,49.97188064500531
2025-05-30,49.98174680987629
2025-06-02,49.97295604042044
2025-06-03,50.00141470880878
2025-06-04,49.986417700286665
2025-06-05,50.001494136186125
2025-06-06,49.997311851067884
2025-06-09,50.02460049301646
2025-06-10,50.029551940770304
2025-06-11,50.027134995812254
2025-06-12,50.02524030670252
2025-06-13,50.02415782908561
2025-06-16,50.022586037582755
2025-06-17,50.018257214274904
2025-06-18,50.01269842948649
2025-06-19,50.00425725188701
2025-06-20,50.00447908203154
2025-06-23,50.008318049536655
2025-06-24,50.01741613261654
2025-06-25,50.02062163319117
2025-06-26,50.02029231651671
2025-06-27,50.0145376344553
2025-06-30,50.01753087236292
2025-07-01,50.02001489676383
2025-07-02,50.01494670026329
2025-07-03,50.02958518474604
2025-07-04,50.03948398660479
2025-07-07,50.0301052275803
2025-07-08,50.01968250438002
2025-07-09,50.011939704672
2025-07-10,50.01246743819636
2025-07-11,50.00105503106208
2025-07-14,49.99838239082207
2025-07-15,50.004960220782884
2025-07-16,50.00156705051586
2025-07-17,50.004350002533286
2025-07-18,49.99739167416553
2025-07-21,49.98514829941201
2025-07-22,49.989944949308374
2025-07-23,49.96570709704466
2025-07-24,50.00023280556266
2025-07-25,49.98641682856995
2025-07-28,49.97596002173098
2025-07-29,49.97199987360933
2025-07-30,49.96288734424105
2025-07-31,49.954039772483576
2025-08-01,49.95865723727541
2025-08-04,49.95681944388652
2025-08-05,49.950540253362455
2025-08-06,49.929698901979656
2025-08-07,49.91647435316193
2025-08-08,49.91842670939003
2025-08-11,49.920634442639084
2025-08-12,49.901117932424214
2025-08-13,49.89851485228177
2025-08-14,49.864066268353476
2025-08-15,49.86980060407325
2025-08-18,49.863902755155905
2025-08-19,49.878644638464856
2025-08-20,49.884920875996364
2025-08-21,49.90132110039226
2025-08-22,49.89601448798034
2025-08-25,49.89535514617626
2025-08-26,49.88381140803356
2025-08-27,49.89641870679905
2025-08-28,49.89833891264109
2025-08-29,49.89619788477869
2025-09-01,49.913428311909456
2025-09-02,49.88780901612324
2025-09-03,49.902436803606264
2025-09-04,49.8912812357008
2025-09-05,49.89250989110702
2025-09-08,49.86678919240956
2025-09-09,49.86930741748652
2025-09-10,49.85901659290806
2025-09-11,49.842966791087605
2025-09-12,49.8629558240139
2025-09-15,49.844038289186294
2025-09-16,49.8384378405433
2025-09-17,49.844991832405114
2025-09-18,49.85205857083149
2025-09-19,49.83359174151706
2025-09-22,49.82862546588863
2025-09-23,49.85307373343403
2025-09-24,49.84696835011164
2025-09-25,49.87310640455631
2025-09-26,49.87773213866866
2025-09-29,49.88532852618952
2025-09-30,49.85398246136712
2025-10-01,49.84826077910316
2025-10-02,49.86666141368197
2025-10-03,49.86100687321947
2025-10-06,49.8501426490197
2025-10-07,49.84436192111593
2025-10-08,49.85199080204397
2025-10-09,49.83891328667448
2025-10-10,49.83209348383117
2025-10-13,49.81924902096905
2025-10-14,49.80393654536225
2025-10-15,49.82684817513781
2025-10-16,49.80934824737132
2025-10-17,49.81959386398876
2025-10-20,49.82164461876429
2025-10-21,49.838763538496565
2025-10-22,49.84801795177684
2025-10-23,49.84734399958878
2025-10-24,49.861350365215586
2025-10-27,49.855852788228965
2025-10-28,49.85617664346795
2025-10-29,49.8458537595617
2025-10-30,49.83871801754272
2025-10-31,49.845230664081996
2025-11-03,49.82703954651592
2025-11-04,49.84758193982217
2025-11-05,49.8536184414966
2025-11-06,49.87584965365809
2025-11-07,49.876413764011055
2025-11-10,49.870424577735804
2025-11-11,49.885824141083646
2025-11-12,49.90301994040217
2025-11-13,49.891169810386124
2025-11-14,49.89437283209249
2025-11-17,49.898174885169034
2025-11-18,49.89603557063612
2025-11-19,49.88027619304059
2025-11-20,49.86328682878681
2025-11-21,49.897424263478904
2025-11-24,49.91422101298526
2025-11-25,49.9369214481318
2025-11-26,49.91407299551943
2025-11-27,49.881777728553786
2025-11-28,49.900875054738115
2025-12-01,49.886894908754726
2025-12-02,49.9010004019098
2025-12-03,49.91028553440782
2025-12-04,49.919960813343984
2025-12-05,49.91885807669944
2025-12-08,49.933619822777544
2025-12-09,49.93771861957279
2025-12-10,49.93057321893709
2025-12-11,49.924921116927194
2025-12-12,49.908333767854955
2025-12-15,49.90591655425486
2025-12-16,49.91341049690372
2025-12-17,49.92914251484849
2025-12-18,49.92481577630688
2025-12-19,49.918737519720025
2025-12-22,49.907489934565604
2025-12-23,49.904146475197905
2025-12-24,49.89442208638645
2025-12-25,49.89470296026223
2025-12-26,49.89112318902027
2025-12-29,49.91710754060348
2025-12-30,49.91367595638163
2025-12-31,49.93633149691896
